/*--------------------------------*- C++ -*----------------------------------*\
  =========                 |
  \\      /  F ield         | OpenFOAM: The Open Source CFD Toolbox
   \\    /   O peration     | Website:  https://openfoam.org
    \\  /    A nd           | Version:  11
     \\/     M anipulation  |
\*---------------------------------------------------------------------------*/
FoamFile
{
    format      ascii;
    class       labelList;
    note        "nPoints: 7726 nCells: 7460 nFaces: 26243 nInternalFaces: 11057";
    location    "constant/polyMesh";
    object      neighbour;
}
// * * * * * * * * * * * * * * * * * * * * * * * * * * * * * * * * * * * * * //


11057
(
418
3
418
3
5
911
5
7
525
7
9
526
9
11
528
11
13
530
13
15
532
15
17
534
17
19
536
19
21
538
21
23
540
23
25
542
25
27
544
27
29
546
29
31
548
31
33
550
33
35
552
35
37
554
37
39
556
39
41
558
41
43
560
43
45
562
45
47
564
47
49
566
49
51
568
51
53
570
53
55
572
55
57
574
57
59
576
59
61
578
61
63
580
63
65
582
65
67
584
67
69
586
69
71
588
71
73
590
73
75
592
75
77
594
77
79
596
79
81
598
81
83
600
83
85
602
85
87
604
87
89
606
89
91
608
91
93
610
93
95
612
95
98
614
97
98
131
616
320
524
316
514
319
349
419
517
420
516
421
470
422
471
423
472
424
473
425
474
426
475
427
476
428
477
429
478
430
479
431
480
432
481
433
482
434
483
435
484
436
485
437
486
438
487
439
488
440
489
441
490
442
491
443
492
444
493
445
494
315
131
133
617
133
135
656
135
137
658
137
139
660
139
141
662
141
143
664
143
145
666
145
147
668
147
149
670
149
151
672
151
153
674
153
155
676
155
157
678
157
159
680
159
161
682
161
163
684
163
165
686
165
167
688
167
169
690
169
171
692
171
173
694
173
175
696
175
177
698
177
179
700
179
181
702
181
183
704
183
185
706
185
187
708
187
189
710
189
191
712
191
193
714
193
195
716
195
197
718
197
199
720
199
201
722
201
203
724
203
205
726
205
207
728
207
209
730
209
211
732
211
213
734
213
215
736
215
217
738
217
219
740
219
221
742
221
223
744
223
225
746
225
227
748
227
229
750
229
231
752
231
233
754
233
235
756
235
237
758
237
239
760
239
241
762
241
243
764
243
245
766
245
247
768
247
249
770
249
352
772
352
315
515
350
519
354
446
447
520
448
518
449
495
450
496
451
497
452
498
453
499
454
500
455
501
456
502
457
503
458
504
459
505
460
506
461
507
462
508
463
509
464
510
465
511
466
512
467
513
376
378
378
379
379
380
380
381
381
382
382
383
383
384
384
385
385
386
386
387
387
388
388
389
389
390
390
391
391
468
392
394
394
395
395
396
396
397
397
398
398
399
399
400
400
401
401
402
402
403
403
404
404
405
405
406
406
407
407
408
408
409
409
410
410
469
412
522
412
413
413
414
414
415
415
416
416
417
376
417
812
317
807
319
320
514
620
651
349
517
419
516
420
470
421
471
422
472
423
473
424
474
425
475
426
476
427
477
428
478
429
479
430
480
431
481
432
482
433
483
434
484
435
485
436
486
437
487
438
488
439
489
440
490
441
491
442
492
443
493
444
494
445
812
652
351
813
354
521
515
519
780
446
520
447
518
448
495
449
496
450
497
451
498
452
499
453
500
454
501
455
502
456
503
457
504
458
505
459
506
460
507
461
508
462
509
463
510
464
511
465
512
466
513
806
467
521
909
815
913
816
957
817
818
960
819
820
963
821
822
953
393
809
468
964
823
824
950
825
948
826
827
945
828
943
829
941
830
939
831
832
469
522
811
975
836
974
837
838
524
523
622
625
626
627
628
629
630
631
632
633
634
635
636
637
638
639
640
641
642
643
644
645
646
647
648
881
650
654
783
889
890
884
892
893
894
895
896
897
898
899
900
901
902
903
904
905
906
803
841
810
834
856
854
852
849
847
862
863
864
865
866
867
868
869
870
871
872
873
874
875
876
877
878
879
880
649
785
786
787
788
789
790
791
792
793
794
795
796
797
798
799
800
801
802
907
619
775
623
621
888
777
773
782
624
910
842
527
844
527
529
1324
529
531
1040
531
533
1041
533
535
1043
535
537
1045
537
539
1047
539
541
1049
541
543
1051
543
545
1053
545
547
1055
547
549
1057
549
551
1059
551
553
1061
553
555
1063
555
557
1065
557
559
1067
559
561
1069
561
563
1071
563
565
1073
565
567
1075
567
569
1077
569
571
1079
571
573
1081
573
575
1083
575
577
1085
577
579
1087
579
581
1089
581
583
1091
583
585
1093
585
587
1095
587
589
1097
589
591
1099
591
593
1101
593
595
1103
595
597
1105
597
599
1107
599
601
1109
601
603
1111
603
605
1113
605
607
1115
607
609
1117
609
611
1119
611
613
1121
613
615
1123
615
618
1125
617
618
657
1127
843
1029
808
845
655
887
776
885
624
653
1285
835
855
853
857
851
858
848
859
846
860
861
1016
1015
1024
1014
1023
1013
1022
1012
1021
1011
1020
1010
1019
1009
1018
1008
1017
978
1007
936
1006
935
1005
934
1004
933
1003
932
1002
931
1001
930
1000
929
999
928
998
784
996
778
781
842
995
653
845
1391
655
779
1170
657
659
1128
659
661
1172
661
663
1174
663
665
1176
665
667
1178
667
669
1180
669
671
1182
671
673
1184
673
675
1186
675
677
1188
677
679
1190
679
681
1192
681
683
1194
683
685
1196
685
687
1198
687
689
1200
689
691
1202
691
693
1204
693
695
1206
695
697
1208
697
699
1210
699
701
1212
701
703
1214
703
705
1216
705
707
1218
707
709
1220
709
711
1222
711
713
1224
713
715
1226
715
717
1228
717
719
1230
719
721
1232
721
723
1234
723
725
1236
725
727
1238
727
729
1240
729
731
1242
731
733
1244
733
735
1246
735
737
1248
737
739
1250
739
741
1252
741
743
1254
743
745
1256
745
747
1258
747
749
1260
749
751
1262
751
753
1264
753
755
1266
755
757
1268
757
759
1270
759
761
1272
761
763
1274
763
765
1276
765
767
1278
767
769
1280
769
771
1282
771
774
1438
773
774
805
1284
776
910
1288
778
779
1628
1442
781
814
1393
882
886
784
887
1286
1028
1030
883
1027
891
994
993
1031
992
1026
991
1025
926
990
925
989
924
988
923
987
922
986
921
985
920
984
919
983
918
982
917
981
916
980
804
915
804
805
1437
1284
840
914
808
908
1319
850
1034
833
882
886
977
843
814
997
1471
912
1032
956
979
958
1035
958
972
959
961
955
961
954
962
952
954
951
965
949
951
947
966
946
967
944
946
942
968
940
969
938
970
937
971
833
937
1335
835
885
1375
973
1036
839
976
839
840
1484
1473
850
1033
911
881
911
1038
1037
847
1168
861
849
1144
860
1142
852
1333
859
854
1140
858
856
1138
857
1137
1135
1134
1132
1131
1016
1024
1015
1023
1014
1022
1013
1021
1012
1020
1011
1019
1010
1018
1009
1017
978
1008
936
1007
935
1006
934
1005
933
1004
932
1003
931
1002
930
1001
929
1000
928
999
927
998
927
1167
884
1388
891
1448
1329
1330
997
1029
996
1028
1027
1030
1293
994
1031
993
1026
992
1025
926
991
925
990
924
989
923
988
922
987
921
986
920
985
919
984
918
983
917
982
916
981
915
980
908
995
1321
914
1032
1327
913
1380
956
1345
1390
1315
1314
1313
1312
1311
1310
1309
1308
1307
1306
1305
1302
1433
1431
1430
1429
1428
1427
1426
1425
1395
1157
939
1372
971
941
1369
970
943
1366
969
945
1364
968
1465
948
1361
967
950
1358
966
1357
953
1355
1033
1481
963
1352
1382
979
1035
1347
960
1349
972
1383
963
1351
965
1034
1468
1354
1344
1343
1342
1341
1339
1338
974
1350
976
977
1036
1483
1377
1386
1156
1472
1463
1462
1461
1460
1459
1458
1457
1452
1454
1453
1413
1299
1450
1295
1039
1316
1290
1287
1166
1165
1164
1163
1162
1161
1160
1159
1158
1423
1154
1405
1407
1409
1411
1416
1415
1398
1130
1153
1152
1151
1150
1149
1148
1147
1146
1298
1449
1291
1304
1171
1289
1294
1136
1133
1422
1346
1320
1482
1039
1326
1322
1042
1325
1042
1044
1954
1044
1046
1536
1046
1048
1537
1048
1050
1539
1050
1052
1541
1052
1054
1543
1054
1056
1545
1056
1058
1547
1058
1060
1549
1060
1062
1551
1062
1064
1553
1064
1066
1555
1066
1068
1557
1068
1070
1559
1070
1072
1561
1072
1074
1563
1074
1076
1565
1076
1078
1567
1078
1080
1569
1080
1082
1571
1082
1084
1573
1084
1086
1575
1086
1088
1577
1088
1090
1579
1090
1092
1581
1092
1094
1583
1094
1096
1585
1096
1098
1587
1098
1100
1589
1100
1102
1591
1102
1104
1593
1104
1106
1595
1106
1108
1597
1108
1110
1599
1110
1112
1601
1112
1114
1603
1114
1116
1605
1116
1118
1607
1118
1120
1609
1120
1122
1611
1122
1124
1613
1124
1126
1615
1126
1129
1617
1128
1129
1173
1619
1155
1439
1169
1397
1145
1435
1143
1467
1334
1400
1141
1441
1356
1401
1139
1402
1139
1376
1787
1141
1402
1632
1143
1401
1635
1145
1400
1637
1301
1412
1414
1440
1434
1514
1410
1513
1408
1417
1406
1418
1404
1419
1403
1420
1155
1403
1629
1421
1470
1336
1340
1387
1394
1424
1487
1509
1518
1508
1517
1507
1516
1506
1515
1505
1512
1504
1511
1503
1510
1337
1445
1169
1435
1854
1331
1443
1292
1502
1173
1175
1620
1175
1177
1677
1177
1179
1679
1179
1181
1681
1181
1183
1683
1183
1185
1685
1185
1187
1687
1187
1189
1689
1189
1191
1691
1191
1193
1693
1193
1195
1695
1195
1197
1697
1197
1199
1699
1199
1201
1701
1201
1203
1703
1203
1205
1705
1205
1207
1707
1207
1209
1709
1209
1211
1711
1211
1213
1713
1213
1215
1715
1215
1217
1717
1217
1219
1719
1219
1221
1721
1221
1223
1723
1223
1225
1725
1225
1227
1727
1227
1229
1729
1229
1231
1731
1231
1233
1733
1233
1235
1735
1235
1237
1737
1237
1239
1739
1239
1241
1741
1241
1243
1743
1243
1245
1745
1245
1247
1747
1247
1249
1749
1249
1251
1751
1251
1253
1753
1253
1255
1755
1255
1257
1757
1257
1259
1759
1259
1261
1761
1261
1263
1763
1263
1265
1765
1265
1267
1767
1267
1269
1769
1269
1271
1771
1271
1273
1773
1273
1275
1775
1275
1277
1777
1277
1279
1779
1279
1281
1781
1281
1283
1783
1283
1673
1893
1436
1392
1396
1317
1332
1303
1444
1328
1491
1297
1501
1446
1500
1292
1318
1849
1296
1389
1381
1447
1296
1297
2002
1978
1300
1524
1300
1301
1911
1907
1303
1304
1623
1446
1432
1456
1526
1527
1451
1523
1455
1499
1498
1529
1497
1528
1496
1522
1495
1521
1466
1494
1493
1520
1492
1519
1317
1318
1935
1973
1320
1323
1785
1322
1323
1958
2275
1325
1326
1904
1956
1328
1396
1534
1378
1445
1331
1332
1943
1940
1334
1441
1674
1336
1337
1996
1950
1348
1399
1340
1374
1825
1371
1373
1368
1370
1365
1367
1363
1464
1447
1474
1379
1479
1348
1478
1842
1384
1399
1479
1489
1353
1490
1353
1385
1970
1360
1362
1356
1532
1837
1359
1531
1359
1360
1888
1967
1362
1363
1960
1934
1365
1476
2297
1367
1368
2286
1963
1370
1371
1952
1937
1373
1374
1873
1946
1376
1475
1826
1378
1379
1863
1964
1381
1382
1830
1469
1384
1385
1955
1980
1387
1480
1832
1389
1525
1900
1477
1530
1392
1482
1835
1488
1846
1395
1847
1424
1655
1398
1786
1414
1639
1668
1797
1792
1790
1405
1651
1420
1407
1649
1419
1409
1646
1418
1411
1644
1417
1413
1643
1432
1915
1440
1514
1434
1513
1642
1636
1634
1631
1422
1630
1478
1439
1480
1653
1487
1518
1509
1517
1508
1516
1507
1515
1506
1512
1505
1511
1504
1510
1883
1444
1503
1671
1865
1437
1438
1477
1673
1895
1819
1533
1443
1805
1897
1622
1670
1625
1795
1475
1491
1502
1525
1501
1524
1452
1803
1455
1456
1526
1523
1527
1910
1788
1499
1529
1498
1528
1497
1522
1496
1521
1466
1495
1494
1520
1493
1519
1465
1817
1476
1833
1468
1927
1531
1470
1831
1938
1488
1500
1492
1530
1474
1486
1860
1828
1796
1626
1903
1648
1844
1490
1532
1892
1485
1489
1485
1486
1972
2293
1823
1856
1818
1840
1872
1851
1821
1816
1813
1923
1924
1808
1807
1853
1535
1801
1799
1638
1881
1869
1661
1878
1877
1876
1666
1665
1663
1641
1640
1660
1659
1658
1657
1932
1814
1812
1810
1918
1794
1654
1916
1804
1921
1806
1676
1627
1633
1886
1656
1890
1936
1979
1538
1986
1538
1540
2415
1540
1542
2011
1542
1544
2012
1544
1546
2014
1546
1548
2016
1548
1550
2018
1550
1552
2020
1552
1554
2022
1554
1556
2024
1556
1558
2026
1558
1560
2028
1560
1562
2030
1562
1564
2032
1564
1566
2034
1566
1568
2036
1568
1570
2038
1570
1572
2040
1572
1574
2042
1574
1576
2044
1576
1578
2046
1578
1580
2048
1580
1582
2050
1582
1584
2052
1584
1586
2054
1586
1588
2056
1588
1590
2058
1590
1592
2060
1592
1594
2062
1594
1596
2064
1596
1598
2066
1598
1600
2068
1600
1602
2070
1602
1604
2072
1604
1606
2074
1606
1608
2076
1608
1610
2078
1610
1612
2080
1612
1614
2082
1614
1616
2084
1616
1618
2086
1618
1621
2088
1620
1621
1678
2546
1624
1800
1624
1625
2348
1853
1857
1917
1838
1841
1805
1846
1791
1905
1902
1939
1652
1874
1633
1793
2241
1650
1864
1798
1928
1647
1871
1669
1889
1667
1885
1843
1875
1662
1868
1820
1867
1645
1866
1908
1998
1645
1664
2104
1647
1866
2113
1870
1965
1650
1871
2098
1652
1864
2115
1848
1858
1789
2005
1656
1836
2094
1822
1859
1824
1989
1988
1993
1879
1990
1662
1879
2337
1664
1672
2123
1880
1994
1667
1882
2335
1669
1675
2128
1884
1951
1672
1867
2333
1857
1675
1886
2132
1887
1929
1678
1680
2381
1680
1682
2136
1682
1684
2137
1684
1686
2139
1686
1688
2141
1688
1690
2143
1690
1692
2145
1692
1694
2147
1694
1696
2149
1696
1698
2151
1698
1700
2153
1700
1702
2155
1702
1704
2157
1704
1706
2159
1706
1708
2161
1708
1710
2163
1710
1712
2165
1712
1714
2167
1714
1716
2169
1716
1718
2171
1718
1720
2173
1720
1722
2175
1722
1724
2177
1724
1726
2179
1726
1728
2181
1728
1730
2183
1730
1732
2185
1732
1734
2187
1734
1736
2189
1736
1738
2191
1738
1740
2193
1740
1742
2195
1742
1744
2197
1744
1746
2199
1746
1748
2201
1748
1750
2203
1750
1752
2205
1752
1754
2207
1754
1756
2209
1756
1758
2211
1758
1760
2213
1760
1762
2215
1762
1764
2217
1764
1766
2219
1766
1768
2221
1768
1770
2223
1770
1772
2225
1772
1774
2227
1774
1776
2229
1776
1778
2231
1778
1780
2233
1780
1782
2235
1782
1784
2237
1784
2009
2109
1891
2134
1855
1987
1827
1862
1789
1898
2325
1791
1874
2243
1793
1862
2244
1802
1899
1901
1983
1906
2321
1798
1839
2320
1800
1995
2387
1802
1850
2250
1811
1909
1809
1926
1913
1852
1917
1920
1977
1809
2006
2316
1811
2004
2261
1922
2007
1815
1959
1815
1930
2314
1834
1931
1906
1933
1870
1971
1820
1942
2310
1822
2008
2276
1824
1858
2279
1948
1949
1827
1829
2308
1829
1896
2385
1831
1984
2288
1845
1861
1834
1959
2306
1836
1925
2303
1838
1839
2410
2443
1841
1999
2092
1843
2003
2448
1845
2000
2312
1962
1848
1861
2417
1850
1975
2318
1852
1859
2322
1894
1855
1991
2327
1894
1985
1893
2329
2116
1901
2294
2091
2290
1884
2097
2353
1889
1991
2362
2111
1869
2130
1994
2125
2267
1890
1896
1947
1997
2351
1955
2246
1885
1995
1989
1993
1988
1990
2122
1881
2339
1882
2127
1898
1998
2129
2331
2117
1888
2466
1968
2301
2299
1892
2273
1925
2009
2348
1905
2000
2239
1914
1944
2240
1900
2126
2001
2305
1903
2010
2003
1957
1966
2399
2254
1908
1912
2405
1910
2110
1920
1912
1919
2380
1914
1976
2375
1942
1987
2004
2005
2108
1919
1936
2255
2412
1977
2006
1923
2259
1930
1926
2007
2263
2135
1928
1929
2455
2420
2103
1932
2256
2008
1934
2264
1961
1941
1974
2269
1953
1997
1939
2289
2396
1941
1945
2427
2414
1944
1945
2390
2731
1947
1948
2401
2394
1996
2118
1951
2101
2430
1953
1992
2281
1966
1986
1981
1957
1958
2569
2341
2278
1961
1969
2292
1976
1985
1992
2287
1965
2097
2550
2102
1968
1969
2738
2446
1982
1999
1972
2879
2440
1974
1975
2761
2451
2099
2295
1979
2393
2453
1981
1982
2468
2459
1984
2442
2437
2284
2265
2258
2114
2120
2357
2121
2090
2247
2119
2112
2101
2095
2271
2105
2249
2002
2425
2393
2344
2093
2252
2096
2418
2100
2107
2343
2397
2013
2422
2013
2015
2877
2015
2017
2469
2017
2019
2470
2019
2021
2472
2021
2023
2474
2023
2025
2476
2025
2027
2478
2027
2029
2480
2029
2031
2482
2031
2033
2484
2033
2035
2486
2035
2037
2488
2037
2039
2490
2039
2041
2492
2041
2043
2494
2043
2045
2496
2045
2047
2498
2047
2049
2500
2049
2051
2502
2051
2053
2504
2053
2055
2506
2055
2057
2508
2057
2059
2510
2059
2061
2512
2061
2063
2514
2063
2065
2516
2065
2067
2518
2067
2069
2520
2069
2071
2522
2071
2073
2524
2073
2075
2526
2075
2077
2528
2077
2079
2530
2079
2081
2532
2081
2083
2534
2083
2085
2536
2085
2087
2538
2087
2089
2540
2089
2546
2542
2282
2345
2313
2416
2106
2409
2253
2358
2304
2354
2283
2400
2296
2367
2548
2268
2352
2285
2374
2257
2369
2355
2266
2996
2260
2346
2124
2364
2106
2460
2563
2108
2109
2324
2360
2262
2411
2311
2361
2332
2436
2359
2365
2248
2356
2350
2366
2277
2323
2242
2370
2395
2404
2131
2378
2280
2403
2302
2377
2372
2433
2124
2334
2773
2376
2557
2251
2424
2340
2373
2133
2383
2429
2432
2131
2338
2730
2133
2370
2841
2275
2382
2317
2421
2138
2407
2138
2140
2694
2140
2142
2587
2142
2144
2588
2144
2146
2590
2146
2148
2592
2148
2150
2594
2150
2152
2596
2152
2154
2598
2154
2156
2600
2156
2158
2602
2158
2160
2604
2160
2162
2606
2162
2164
2608
2164
2166
2610
2166
2168
2612
2168
2170
2614
2170
2172
2616
2172
2174
2618
2174
2176
2620
2176
2178
2622
2178
2180
2624
2180
2182
2626
2182
2184
2628
2184
2186
2630
2186
2188
2632
2188
2190
2634
2190
2192
2636
2192
2194
2638
2194
2196
2640
2196
2198
2642
2198
2200
2644
2200
2202
2646
2202
2204
2648
2204
2206
2650
2206
2208
2652
2208
2210
2654
2210
2212
2656
2212
2214
2658
2214
2216
2660
2216
2218
2662
2218
2220
2664
2220
2222
2666
2222
2224
2668
2224
2226
2670
2226
2228
2672
2228
2230
2674
2230
2232
2676
2232
2234
2678
2234
2236
2680
2236
2238
2682
2238
2360
2684
2300
2384
2272
2347
2242
2245
2689
2368
2398
2245
2291
2585
2402
2450
2248
2403
2583
2363
2461
2251
2319
2581
2253
2326
2697
2349
2408
2270
2379
2257
2307
2577
2328
2413
2260
2464
2467
2262
2358
2709
2274
2371
2349
2419
2266
2423
3215
2268
2359
2720
2270
2454
2722
2272
2406
2723
2274
2391
2725
2341
2277
2369
2807
2315
2428
2280
2330
2726
2282
2283
2835
2885
2285
2388
2545
2287
2298
2342
2289
2438
2741
2291
2309
2743
2419
2447
2294
2440
2434
2296
2463
2749
2298
2321
2751
2300
2354
2862
2302
2383
2752
2304
2371
2757
2435
2441
2307
2428
2771
2309
2392
2763
2311
2426
2765
2313
2363
2767
2315
2346
2769
2317
2367
2775
2319
2452
2777
2445
2457
2458
2323
2324
2812
2735
2326
2347
2800
2328
2377
2782
2330
2462
2784
2332
2336
2786
2334
2361
2788
2336
2373
2791
2338
2433
2794
2340
2378
2796
3015
2345
2439
2344
2737
2449
2699
2853
2566
2386
2802
2351
2560
2368
2353
2567
2366
2555
2404
2431
2357
2556
2372
2574
2866
2734
2586
2364
2365
2826
2695
2565
2561
2551
2850
2547
2579
2798
2711
2552
2375
2875
2389
2575
2700
2576
2828
2380
2881
2845
2407
2546
2391
3015
2582
2385
2759
2392
2387
2388
2436
2686
2390
2811
2732
2876
2691
2703
2395
2858
3124
2397
2742
2856
2399
2754
2461
2401
2865
2858
2468
2553
2692
2790
2406
2845
2863
2543
2458
2713
2410
2872
2444
2412
2570
2463
2414
2701
2426
2422
2423
2417
2706
2462
2421
2464
2708
2456
2465
2714
2780
2756
2425
2838
2704
2558
2728
2733
2729
2549
2762
2431
2432
3162
3153
2580
2435
2893
2884
2687
2438
2890
2869
2745
2751
2888
2442
2906
2889
2444
2445
3135
2896
2447
2740
2867
2449
2450
2914
2882
2452
2803
2915
2454
2705
2909
2456
2457
2779
2748
2751
2460
2716
2819
2559
2564
2554
2572
2466
2912
2739
2573
2878
2716
2471
2904
2471
2473
3138
2473
2475
2918
2475
2477
2919
2477
2479
2921
2479
2481
2923
2481
2483
2925
2483
2485
2927
2485
2487
2929
2487
2489
2931
2489
2491
2933
2491
2493
2935
2493
2495
2937
2495
2497
2939
2497
2499
2941
2499
2501
2943
2501
2503
2945
2503
2505
2947
2505
2507
2949
2507
2509
2951
2509
2511
2953
2511
2513
2955
2513
2515
2957
2515
2517
2959
2517
2519
2961
2519
2521
2963
2521
2523
2965
2523
2525
2967
2525
2527
2969
2527
2529
2971
2529
2531
2973
2531
2533
2975
2533
2535
2977
2535
2537
2979
2537
2539
2981
2539
2541
2983
2541
2544
2985
2543
2544
2694
3235
2688
2874
2578
2806
2549
2550
2717
2557
2750
2808
2792
2797
2810
2816
2571
2809
2758
2861
2584
2832
2718
2702
2820
2755
2895
2562
2870
2562
2568
3205
2822
2825
2707
2873
2696
2901
2724
2887
2568
2721
2993
2996
3015
2571
2710
3164
2573
2715
3237
2698
2833
2719
2879
2753
2821
2578
2772
3020
2690
2840
2712
2842
2778
2837
2848
2855
2584
2693
3012
2744
2851
2766
2836
2589
2834
2589
2591
3007
2591
2593
3022
2593
2595
3024
2595
2597
3026
2597
2599
3028
2599
2601
3030
2601
2603
3032
2603
2605
3034
2605
2607
3036
2607
2609
3038
2609
2611
3040
2611
2613
3042
2613
2615
3044
2615
2617
3046
2617
2619
3048
2619
2621
3050
2621
2623
3052
2623
2625
3054
2625
2627
3056
2627
2629
3058
2629
2631
3060
2631
2633
3062
2633
2635
3064
2635
2637
3066
2637
2639
3068
2639
2641
3070
2641
2643
3072
2643
2645
3074
2645
2647
3076
2647
2649
3078
2649
2651
3080
2651
2653
3082
2653
2655
3084
2655
2657
3086
2657
2659
3088
2659
2661
3090
2661
2663
3092
2663
2665
3094
2665
2667
3096
2667
2669
3098
2669
2671
3100
2671
2673
3102
2673
2675
3104
2675
2677
3106
2677
2679
3108
2679
2681
3110
2681
2683
3112
2683
2685
3114
2685
2736
3116
2687
2688
2787
3118
2690
2851
2988
2760
2854
2693
2727
3121
2834
2696
2774
3128
2698
2801
3130
2747
2849
2805
2859
2702
2783
3006
2704
2705
3264
3302
2707
2768
3151
2830
2831
2710
2833
3304
2712
2832
3143
2746
2843
2715
2776
3005
2817
2718
2871
2805
2860
2907
2721
2899
3149
2880
2910
2724
2864
3004
2815
2903
2727
2785
3001
2761
2804
2770
2829
2795
2827
2732
2733
3158
2823
2735
2736
2814
3456
2857
2913
2739
2740
3321
3293
2742
2869
3141
2744
2764
3167
2746
2747
3245
3294
2844
2891
2750
2809
3169
2753
2855
3178
2755
2897
3176
2781
2892
2758
2799
3173
2760
2900
3180
2803
2908
3155
2764
2854
3184
2766
2820
3192
2768
2852
3194
2770
2898
3272
2772
2829
3196
2774
2789
3198
2776
2808
3200
2778
2917
3202
2844
2911
2781
2902
3171
2783
2821
3203
2785
2873
3213
2787
2793
3119
2789
2836
3216
2839
3218
2792
2793
3347
3327
2795
2842
2989
2797
2883
3333
2799
2815
3220
2801
2887
3222
2831
2843
2847
2824
2846
3133
2807
3297
2813
3156
3161
2818
3325
2894
3159
2813
2814
3240
3796
3140
2882
2990
2818
2819
2991
2822
3207
3008
2992
2824
3160
3247
2872
3126
2852
2895
2828
3249
2883
3211
2868
3000
3002
3296
3125
3235
2849
3010
3011
2838
3339
3263
3013
3124
2841
3265
2848
3016
3154
3350
3145
2847
3353
2916
3224
3009
2870
2897
3018
3127
2878
2898
3123
3189
2857
3142
3280
3021
2860
3298
3283
2862
2995
2900
2864
3146
3287
2886
3021
2899
2901
2868
3293
3278
3157
3166
2908
3132
3134
2998
2875
3120
2894
2903
3226
2902
2904
3147
2888
2881
3363
3254
3219
3191
2905
2997
2886
3010
3239
3310
2893
2890
3300
3314
2896
3172
3175
3215
2907
3210
3136
3209
3182
3014
3273
3261
2994
3186
3175
3003
2906
3365
3299
2997
2987
2910
3303
3331
2912
3252
3322
2914
3358
3219
2916
2917
3575
3342
2920
3268
2920
2922
3670
2922
2924
3368
2924
2926
3369
2926
2928
3371
2928
2930
3373
2930
2932
3375
2932
2934
3377
2934
2936
3379
2936
2938
3381
2938
2940
3383
2940
2942
3385
2942
2944
3387
2944
2946
3389
2946
2948
3391
2948
2950
3393
2950
2952
3395
2952
2954
3397
2954
2956
3399
2956
2958
3401
2958
2960
3403
2960
2962
3405
2962
2964
3407
2964
2966
3409
2966
2968
3411
2968
2970
3413
2970
2972
3415
2972
2974
3417
2974
2976
3419
2976
2978
3421
2978
2980
3423
2980
2982
3425
2982
2984
3427
2984
2986
3429
2986
3307
3431
3229
3234
3019
3329
3017
3315
3241
3360
2992
3242
3282
3150
3243
3129
3292
3174
3286
3226
2999
3152
3246
3284
3445
3248
3250
3214
3274
3250
3269
3139
3187
3288
3340
3201
3236
3204
3231
3023
3320
3179
3309
3256
3258
3257
3193
3260
3122
3295
3255
3313
3148
3271
3017
3144
3470
3019
3168
3468
3197
3306
3227
3023
3025
3477
3025
3027
3479
3027
3029
3481
3029
3031
3483
3031
3033
3485
3033
3035
3487
3035
3037
3489
3037
3039
3491
3039
3041
3493
3041
3043
3495
3043
3045
3497
3045
3047
3499
3047
3049
3501
3049
3051
3503
3051
3053
3505
3053
3055
3507
3055
3057
3509
3057
3059
3511
3059
3061
3513
3061
3063
3515
3063
3065
3517
3065
3067
3519
3067
3069
3521
3069
3071
3523
3071
3073
3525
3073
3075
3527
3075
3077
3529
3077
3079
3531
3079
3081
3533
3081
3083
3535
3083
3085
3537
3085
3087
3539
3087
3089
3541
3089
3091
3543
3091
3093
3545
3093
3095
3547
3095
3097
3549
3097
3099
3551
3099
3101
3553
3101
3103
3555
3103
3105
3557
3105
3107
3559
3107
3109
3561
3109
3111
3563
3111
3113
3565
3113
3115
3567
3115
3117
3569
3117
3253
3452
3119
3120
3289
3275
3122
3274
3662
3181
3277
3227
3131
3341
3276
3282
3137
3266
3129
3199
3462
3131
3223
3578
3133
3305
3291
3135
3281
3209
3137
3177
3588
3139
3268
3590
3244
3301
3142
3267
3471
3144
3330
3596
3146
3254
3600
3148
3328
3703
3150
3356
3602
3152
3195
3604
3155
3163
3251
3270
3228
3170
3285
3267
3314
3159
3160
3345
3466
3165
3232
3163
3218
3316
3165
3337
3611
3206
3262
3168
3185
3465
3170
3232
3613
3188
3457
3324
3359
3174
3221
3458
3244
3177
3183
3623
3179
3190
3778
3181
3354
3625
3183
3262
3629
3185
3277
3631
3187
3188
3750
3583
3190
3225
3449
3308
3332
3193
3208
3633
3195
3266
3635
3197
3212
3637
3199
3217
3642
3201
3285
3644
3338
3343
3204
3309
3621
3206
3243
3652
3208
3231
3654
3334
3275
3344
3212
3346
3656
3214
3246
3658
3226
3217
3260
3660
3238
3319
3221
3301
3664
3223
3326
3668
3225
3355
3673
3230
3229
3318
3474
3233
3312
3450
3627
3239
3366
3305
3367
3307
3237
3598
3328
3255
3317
3259
3311
3796
3319
3648
3351
3443
3438
3457
3251
3441
3442
3352
3467
3279
3439
3308
3315
3448
3574
3361
3453
3451
3456
3709
3606
3294
3459
3258
3259
3705
3711
3437
3286
3354
3460
3264
3782
3715
3329
3355
3463
3612
3592
3270
3740
3719
3272
3607
3346
3292
3356
3473
3290
3281
3585
3572
3279
3774
3736
3357
3472
3335
3444
3284
3587
3678
3446
3708
3288
3601
3743
3290
3327
3577
3298
3641
3580
3323
3441
3296
3615
3330
3306
3311
3586
3300
3620
3714
3584
3303
3715
3753
3337
3341
3594
3364
3320
3434
3650
3326
3340
3608
3313
3747
3762
3461
3617
3317
3318
3759
3768
3573
3432
3322
3323
3454
3772
3336
3646
3351
3360
3728
3349
3455
3435
3436
3362
3746
3333
3688
3348
3335
3336
3785
3710
3639
3339
3754
3781
3476
3447
3343
3576
3783
3345
3706
3718
3767
3348
3349
3787
3739
3359
3361
3765
3353
3791
3689
3666
3680
3440
3358
3716
3573
3595
3464
3591
3363
3721
3766
3609
3638
3445
3619
3677
3747
3475
3738
3370
3671
3370
3372
4094
3372
3374
3799
3374
3376
3800
3376
3378
3802
3378
3380
3804
3380
3382
3806
3382
3384
3808
3384
3386
3810
3386
3388
3812
3388
3390
3814
3390
3392
3816
3392
3394
3818
3394
3396
3820
3396
3398
3822
3398
3400
3824
3400
3402
3826
3402
3404
3828
3404
3406
3830
3406
3408
3832
3408
3410
3834
3410
3412
3836
3412
3414
3838
3414
3416
3840
3416
3418
3842
3418
3420
3844
3420
3422
3846
3422
3424
3848
3424
3426
3850
3426
3428
3852
3428
3430
3854
3430
3433
3856
3432
3433
3478
3858
3618
3687
3469
3679
3616
3694
3634
3696
3603
3745
3690
3698
3581
3775
3675
3605
3686
3444
3691
3695
3571
3614
3693
3579
3692
3698
3740
3674
3777
3622
3713
3452
3610
3729
3454
3742
3773
3599
3702
3796
3582
3665
3707
3704
3712
3653
3771
3683
3714
3643
3697
3589
3685
3649
3764
3632
3760
3467
3718
3757
3469
3760
4133
3597
3682
3472
3722
3755
3659
3723
3475
3770
4008
3727
3744
3478
3480
3859
3480
3482
3894
3482
3484
3896
3484
3486
3898
3486
3488
3900
3488
3490
3902
3490
3492
3904
3492
3494
3906
3494
3496
3908
3496
3498
3910
3498
3500
3912
3500
3502
3914
3502
3504
3916
3504
3506
3918
3506
3508
3920
3508
3510
3922
3510
3512
3924
3512
3514
3926
3514
3516
3928
3516
3518
3930
3518
3520
3932
3520
3522
3934
3522
3524
3936
3524
3526
3938
3526
3528
3940
3528
3530
3942
3530
3532
3944
3532
3534
3946
3534
3536
3948
3536
3538
3950
3538
3540
3952
3540
3542
3954
3542
3544
3956
3544
3546
3958
3546
3548
3960
3548
3550
3962
3550
3552
3964
3552
3554
3966
3554
3556
3968
3556
3558
3970
3558
3560
3972
3560
3562
3974
3562
3564
3976
3564
3566
3978
3566
3568
3980
3568
3570
3982
3570
3729
3984
3678
3730
3626
3700
3733
3699
3720
3576
3689
3997
3706
3739
3579
3669
3992
3581
3697
3995
3583
3584
3865
3676
3695
3780
3587
3748
4000
3589
3624
4002
3593
3749
3726
3741
3593
3672
3988
3641
3717
3647
3726
3597
3694
3883
3599
3645
4011
3601
3724
4013
3603
3775
4015
3605
3636
4017
3758
3763
3761
3779
3609
3610
4436
4031
3640
3732
3684
3722
3614
3628
3874
3616
3663
4024
3618
3682
4026
3620
3731
4028
3622
3651
4030
3624
3630
4032
3626
3667
4034
3628
3732
4038
3630
3771
4040
3632
3700
4042
3634
3655
4044
3636
3685
4049
3638
3657
4052
3640
3692
4053
3701
3643
3661
4055
3645
3693
4056
3647
3681
4058
3649
3735
4061
3651
3793
4063
3653
3745
4066
3655
3713
4071
3657
3792
4073
3659
3686
4075
3661
3696
4078
3663
3723
4080
3665
3676
4082
3667
3776
4086
3669
3751
4088
3671
3672
4112
4204
3674
3752
3877
3699
3712
3866
3711
3794
3795
3680
3990
3752
3710
3861
3862
3684
4135
4100
4160
4169
3688
3867
3786
4046
3737
3864
3788
3863
3868
4199
3879
4010
3987
4084
4021
4065
3986
3748
3876
3703
3870
3761
3705
4170
4051
3873
3708
3994
3776
3724
3766
3872
4051
3996
4090
4029
4003
3734
3756
3738
3875
3881
3720
4203
4131
3725
3885
3887
4020
4167
3789
3889
3890
3728
4005
3751
4031
3731
4191
4141
3798
3734
3735
4193
4144
3737
4187
4123
3989
3880
4077
3742
4196
4150
3744
4014
4152
3797
3753
3789
3999
4018
3750
4148
3865
4189
3892
4004
3784
4006
3756
4134
4166
3790
4068
3759
4173
3769
3869
4179
3763
4113
4177
3765
4022
3788
3886
3779
3792
3769
3770
4397
4181
3891
3773
3774
4151
4185
4069
4155
3778
3871
3793
4036
3785
3882
3782
4007
4162
3784
3998
4197
3872
3787
4108
3880
3888
4137
3791
4209
4047
4023
4116
4130
4188
4001
4183
4016
4117
4054
4095
3801
4093
3801
3803
4427
3803
3805
4221
3805
3807
4222
3807
3809
4224
3809
3811
4226
3811
3813
4228
3813
3815
4230
3815
3817
4232
3817
3819
4234
3819
3821
4236
3821
3823
4238
3823
3825
4240
3825
3827
4242
3827
3829
4244
3829
3831
4246
3831
3833
4248
3833
3835
4250
3835
3837
4252
3837
3839
4254
3839
3841
4256
3841
3843
4258
3843
3845
4260
3845
3847
4262
3847
3849
4264
3849
3851
4266
3851
3853
4268
3853
3855
4270
3855
3857
4272
3857
3860
4274
3859
3860
3895
4276
4059
4207
3884
4098
4010
4099
4102
4104
3866
4161
4027
4107
3993
4106
4043
4192
4012
4180
3878
4115
4092
3881
4128
4039
4216
3876
4122
4163
3878
3893
4292
4025
4125
4126
4068
4118
4129
3884
4125
4543
3886
4176
4215
4101
4134
4114
4119
4175
4211
4060
4174
4067
4121
3893
3991
4412
3895
3897
4277
3897
3899
4305
3899
3901
4307
3901
3903
4309
3903
3905
4311
3905
3907
4313
3907
3909
4315
3909
3911
4317
3911
3913
4319
3913
3915
4321
3915
3917
4323
3917
3919
4325
3919
3921
4327
3921
3923
4329
3923
3925
4331
3925
3927
4333
3927
3929
4335
3929
3931
4337
3931
3933
4339
3933
3935
4341
3935
3937
4343
3937
3939
4345
3939
3941
4347
3941
3943
4349
3943
3945
4351
3945
3947
4353
3947
3949
4355
3949
3951
4357
3951
3953
4359
3953
3955
4361
3955
3957
4363
3957
3959
4365
3959
3961
4367
3961
3963
4369
3963
3965
4371
3965
3967
4373
3967
3969
4375
3969
3971
4377
3971
3973
4379
3973
3975
4381
3975
3977
4383
3977
3979
4385
3979
3981
4387
3981
3983
4389
3983
3985
4391
3985
4097
4393
4035
4142
4045
4157
4147
4205
4009
4146
3991
4149
4549
3993
4089
4403
4083
4154
4085
4145
4143
4158
3998
4048
4303
4113
4188
4001
4019
4299
4033
4159
4004
4162
4136
4153
4190
4007
4165
4400
4009
4182
4421
4118
4012
4057
4429
4014
4214
4430
4016
4070
4432
4050
4168
4019
4164
4426
4076
4096
4102
4120
4062
4119
4037
4110
4025
4081
4286
4027
4098
4448
4029
4105
4135
4064
4140
4097
4033
4041
4452
4035
4087
4454
4037
4217
4604
4039
4095
4456
4041
4121
4459
4043
4142
4461
4045
4072
4463
4047
4048
4631
4606
4050
4213
4532
4103
4074
4195
4054
4106
4468
4079
4109
4057
4200
4466
4059
4060
4518
4615
4062
4138
4418
4064
4184
4478
4132
4158
4067
4117
4476
4139
4070
4145
4485
4072
4091
4487
4074
4110
4489
4076
4212
4492
4120
4202
4079
4157
4483
4081
4096
4496
4083
4443
4625
4085
4109
4498
4087
4156
4500
4089
4218
4502
4091
4140
4504
4129
4206
4094
4288
4111
4291
4445
4436
4450
4114
4279
4101
4635
4511
4507
4130
4172
4124
4280
4141
4219
4283
4108
4611
4127
4458
4472
4112
4531
4521
4406
4409
4116
4441
4184
4293
4482
4402
4297
4411
4146
4289
4124
4600
4535
4281
4127
4128
4553
4301
4494
4398
4132
4622
4544
4149
4192
4294
4424
4137
4401
4210
4144
4298
4208
4301
4302
4449
4282
4171
4434
4194
4437
4506
4148
4415
4161
4284
4151
4471
4186
4153
4431
4569
4155
4220
4156
4592
4405
4495
4160
4480
4213
4443
4399
4164
4290
4581
4198
4416
4201
4295
4214
4215
4169
4422
4212
4171
4172
4596
4588
4178
4396
4196
4435
4176
4634
4524
4178
4407
4589
4180
4217
4593
4182
4563
4594
4191
4465
4440
4186
4187
4701
4599
4425
4190
4218
4446
4414
4438
4194
4201
4453
4394
4436
4470
4198
4304
4609
4200
4216
4474
4473
4203
4567
4621
4205
4521
4623
4207
4620
4628
4209
4513
4630
4211
4560
4547
4300
4285
4408
4523
4296
4444
4410
4424
4509
4591
4636
4223
4586
4223
4225
4819
4225
4227
4645
4227
4229
4646
4229
4231
4648
4231
4233
4905
4233
4235
4650
4235
4237
4651
4237
4239
4880
4239
4241
4652
4241
4243
4575
4243
4245
4653
4245
4247
4654
4247
4249
4910
4249
4251
4655
4251
4253
4656
4253
4255
4658
4255
4257
4660
4257
4259
4662
4259
4261
4664
4261
4263
4666
4263
4265
4668
4265
4267
4670
4267
4269
4672
4269
4271
4674
4271
4273
4676
4273
4275
4678
4275
4278
4680
4277
4278
4306
4682
4482
4632
4514
4515
4287
4580
4455
4574
4404
4516
4439
4548
4481
4534
4287
4497
4850
4428
4530
4290
4627
4847
4469
4517
4413
4568
4433
4564
4295
4512
4572
4457
4546
4522
4566
4419
4520
4465
4550
4423
4557
4552
4479
4555
4304
4607
4720
4306
4308
4683
4308
4310
4722
4310
4312
4724
4312
4314
4726
4314
4316
4728
4316
4318
4730
4318
4320
4732
4320
4322
4734
4322
4324
4736
4324
4326
4738
4326
4328
4740
4328
4330
4742
4330
4332
4744
4332
4334
4746
4334
4336
4748
4336
4338
4750
4338
4340
4752
4340
4342
4754
4342
4344
4756
4344
4346
4758
4346
4348
4760
4348
4350
4762
4350
4352
4764
4352
4354
4766
4354
4356
4768
4356
4358
4770
4358
4360
4772
4360
4362
4774
4362
4364
4776
4364
4366
4778
4366
4368
4780
4368
4370
4782
4370
4372
4784
4372
4374
4786
4374
4376
4788
4376
4378
4790
4378
4380
4792
4380
4382
4794
4382
4384
4796
4384
4386
4798
4386
4388
4800
4388
4390
4802
4390
4392
4804
4392
4395
4955
4394
4395
4491
4806
4397
4510
4563
4561
4597
4400
4401
4417
4558
4420
4537
4404
4503
4809
4464
4556
4407
4571
4712
4525
4573
4519
4537
4447
4542
4477
4540
4413
4578
4707
4449
4538
4508
4624
4417
4583
4559
4419
4420
4956
4978
4565
4595
4423
4585
4821
4551
4562
4571
4550
4582
4428
4586
4703
4467
4618
4431
4573
4698
4433
4486
4826
4539
4587
4526
4617
4499
4584
4439
4462
4836
4442
4577
4442
4568
4831
4508
4602
4605
4493
4598
4447
4570
4695
4451
4612
4533
4451
4579
4849
4460
4541
4520
4603
4455
4501
4640
4457
4517
5000
4484
4529
4460
4540
4639
4462
4574
4855
4464
4488
4857
4576
4467
4475
4859
4469
4516
4861
4471
4527
4863
4490
4637
4603
4614
4475
4546
4696
4477
4564
4866
4479
4577
4868
4481
4541
4870
4528
4484
4556
4874
4486
4584
4876
4488
4505
4878
4490
4491
4945
4806
4493
4557
4864
4601
4619
4539
4545
4497
4598
4872
4499
4529
4886
4501
4608
4888
4503
4542
4890
4505
4555
4892
4565
4626
4514
4522
4625
4533
4692
4590
4842
4512
5027
4920
4554
4642
4644
4536
4685
4687
4815
4616
4629
4632
4693
4694
4716
4883
4524
4525
4915
4923
4527
4913
4965
4601
4854
4700
4531
4928
4717
4534
4585
4706
4845
4536
4993
4933
4894
4575
4653
4710
4881
4976
4997
4579
4580
4545
5016
4939
4884
4633
4954
4549
4715
4578
4807
4635
4824
4553
4554
4613
4947
4714
4811
4812
4559
4560
4817
4953
4562
4970
4930
4841
4969
4840
4567
5014
4957
4909
4570
4699
4962
4844
4614
4921
4813
4951
4576
4652
4691
4838
4942
4711
4582
4848
4867
4610
4816
4818
4834
4704
4596
4828
4597
4827
4590
4713
4981
4592
4638
4608
4602
4618
4595
4843
4971
4827
4825
4823
4600
4702
4992
4709
4697
4833
4605
4637
4852
4607
4994
5001
4952
4610
4721
5004
4612
4613
4984
4948
4719
4616
4617
4964
5008
4829
4620
4936
5011
4622
4958
5015
4624
4718
4689
4636
4627
4991
5018
4629
5012
5019
4631
4643
4994
4808
4634
4903
4914
4988
4688
4641
4690
4985
4882
4975
4889
4950
4853
4944
4643
4901
5229
4686
4898
4647
4977
4647
4649
5070
4649
4902
5034
4867
4904
4807
4867
4880
4706
4706
4708
4657
4907
4657
4659
5209
4659
4661
5263
4661
4663
5041
4663
4665
5042
4665
4667
5044
4667
4669
5046
4669
4671
5048
4671
4673
5050
4673
4675
5052
4675
4677
5054
4677
4679
5056
4679
4681
5058
4681
4684
5060
4683
4684
4723
5062
4686
4911
5087
4810
4912
4689
4690
5282
5278
4832
4973
4708
4824
4895
5006
4918
5003
4963
4996
4885
4937
4830
4938
4699
4814
5204
4875
4919
4702
4863
5201
4705
4927
4705
4820
5332
4839
4908
4910
4900
4935
4932
4940
4851
4960
4713
4922
5077
4869
4941
4837
4943
4717
4718
5313
5283
4916
4929
4721
5002
5081
4723
4725
5063
4725
4727
5090
4727
4729
5092
4729
4731
5094
4731
4733
5096
4733
4735
5098
4735
4737
5100
4737
4739
5102
4739
4741
5104
4741
4743
5106
4743
4745
5108
4745
4747
5110
4747
4749
5112
4749
4751
5114
4751
4753
5116
4753
4755
5118
4755
4757
5120
4757
4759
5122
4759
4761
5124
4761
4763
5126
4763
4765
5128
4765
4767
5130
4767
4769
5132
4769
4771
5134
4771
4773
5136
4773
4775
5138
4775
4777
5140
4777
4779
5142
4779
4781
5144
4781
4783
5146
4783
4785
5148
4785
4787
5150
4787
4789
5152
4789
4791
5154
4791
4793
5156
4793
4795
5158
4795
4797
5160
4797
4799
5162
4799
4801
5164
4801
4803
5166
4803
4805
5168
4805
5039
5170
5194
4880
4854
5007
4810
4891
5172
4858
4961
4822
4926
4814
4924
5183
4862
5021
4817
4967
5086
4887
4974
4820
4977
5182
4822
4835
5185
4865
4982
4983
4897
4970
4877
4968
4896
4917
4932
4830
4860
5179
4832
4925
5191
4918
4929
4835
4846
5177
4837
4856
5196
4839
4943
5198
4972
4990
4842
4843
5023
5175
4922
4931
4846
4871
5206
4848
4989
4904
4998
4999
4851
4873
5174
4853
4938
5211
4899
4856
4959
5212
4858
4879
5218
4860
4937
5219
4862
4912
5221
4966
4865
4926
5223
4906
5026
4869
4973
5033
4871
4986
5231
4873
4982
5233
4875
4961
5235
4877
4974
5237
4879
4893
5239
4882
4906
5035
4898
5013
4885
5017
5241
4887
4919
5245
4889
4987
5249
4891
5028
5251
4893
4941
5253
4895
4980
5255
4897
4917
5256
5067
4900
5375
5265
4949
5029
4905
4989
5025
5075
4905
5267
4910
4983
4909
5036
4925
4934
5078
5040
5010
5065
4915
5076
5275
4946
5068
5069
5190
5193
4921
5074
4946
5187
4924
5275
5290
5328
5030
4928
5318
5314
5214
4931
5310
5295
5195
4934
5357
5298
4936
5272
5300
5189
5325
4940
5382
5304
5303
4960
4999
5079
4945
5359
5352
5200
4948
4949
4984
5080
4951
5071
4959
4985
4987
4954
5086
5024
5039
5194
4979
5003
4958
5380
5306
5323
5226
5247
4963
5205
5321
5009
5020
4966
5066
5202
5005
5261
4969
5180
5026
5208
4972
5176
5334
5037
5243
4976
5269
4986
5215
4979
4980
5383
5340
5022
5188
5184
4995
4998
5073
5210
5338
4995
5027
5018
4991
5347
5258
4993
5203
5356
5228
5209
4997
5083
5028
5080
5225
5017
5021
5002
5230
5364
5085
5005
5082
5373
5007
5292
5374
5009
5010
5270
5376
5012
5301
5326
5014
5281
5379
5016
5307
5381
5308
5034
5020
5327
5384
5072
5023
5330
5309
5025
5262
5311
5032
5178
5031
5335
5355
5186
5289
5084
5288
5181
5316
5038
5342
5258
5268
5370
5199
5353
5038
5192
5591
5257
5173
5274
5043
5264
5043
5045
5271
5045
5047
5341
5047
5049
5399
5049
5051
5400
5051
5053
5401
5053
5055
5402
5055
5057
5404
5057
5059
5406
5059
5061
5408
5061
5064
5410
5063
5064
5091
5412
5066
5276
5439
5089
5280
5277
5286
5287
5371
5216
5258
5250
5362
5222
5360
5279
5351
5178
5271
5076
5293
5554
5188
5285
5088
5297
5197
5302
5259
5082
5365
5434
5084
5322
5437
5266
5317
5260
5088
5089
5637
5660
5091
5093
5412
5093
5095
5445
5095
5097
5447
5097
5099
5449
5099
5101
5451
5101
5103
5453
5103
5105
5455
5105
5107
5457
5107
5109
5459
5109
5111
5461
5111
5113
5463
5113
5115
5465
5115
5117
5467
5117
5119
5469
5119
5121
5471
5121
5123
5473
5123
5125
5475
5125
5127
5477
5127
5129
5479
5129
5131
5481
5131
5133
5483
5133
5135
5485
5135
5137
5487
5137
5139
5489
5139
5141
5491
5141
5143
5493
5143
5145
5495
5145
5147
5497
5147
5149
5499
5149
5151
5501
5151
5153
5503
5153
5155
5505
5155
5157
5507
5157
5159
5509
5159
5161
5511
5161
5163
5513
5163
5165
5515
5165
5167
5517
5167
5169
5519
5169
5171
5521
5171
5257
5523
5173
5252
5526
5234
5319
5176
5309
5442
5207
5320
5264
5220
5324
5181
5238
5551
5217
5331
5291
5339
5224
5337
5186
5320
5547
5285
5296
5344
5242
5345
5266
5346
5192
5350
5532
5236
5273
5352
5287
5305
5197
5213
5650
5199
5302
5558
5271
5341
5202
5203
5441
5649
5205
5339
5534
5207
5232
5561
5310
5343
5263
5361
5363
5358
5368
5213
5369
5426
5277
5346
5216
5217
5349
5638
5240
5294
5220
5345
5569
5222
5274
5572
5224
5289
5574
5227
5259
5227
5319
5421
5229
5230
5335
5544
5232
5363
5608
5234
5337
5579
5236
5248
5581
5238
5244
5583
5240
5254
5585
5242
5387
5587
5244
5246
5589
5246
5273
5593
5248
5294
5595
5250
5389
5597
5252
5288
5598
5254
5386
5600
5329
5333
5343
5372
5367
5354
5261
5262
5391
5430
5264
5272
5395
5392
5316
5370
5269
5394
5361
5377
5385
5555
5539
5688
5417
5378
5396
5397
5279
5284
5743
5281
5632
5624
5283
5284
5315
5744
5557
5341
5399
5415
5692
5533
5291
5418
5630
5333
5419
5312
5416
5422
5296
5666
5641
5299
5425
5299
5694
5628
5301
5612
5644
5556
5342
5386
5305
5713
5646
5307
5617
5651
5360
5387
5429
5531
5312
5432
5655
5314
5315
5424
5745
5427
5383
5542
5336
5423
5527
5576
5322
5535
5668
5362
5369
5325
5538
5368
5327
5645
5671
5350
5353
5340
5436
5388
5428
5332
5541
5336
5658
5348
5444
5543
5680
5438
5351
5389
5549
5562
5560
5602
5388
5578
5553
5571
5348
5349
5703
5639
5567
5540
5366
5433
5355
5421
5690
5357
5721
5693
5359
5565
5366
5545
5563
5606
5528
5365
5678
5699
5367
5524
5603
5529
5536
5372
5682
5701
5390
5435
5375
5420
5615
5377
5378
5614
5708
5380
5625
5616
5382
5652
5712
5562
5385
5672
5714
5696
5398
5393
5683
5391
5723
5431
5675
5705
5674
5719
5537
5653
5615
5648
5440
5618
5610
5613
5546
5711
5610
5610
5626
5403
5626
5403
5405
5882
5405
5407
5736
5407
5409
5737
5409
5411
5739
5411
5414
5741
5414
7414
7441
7459
6050
5647
5681
5623
5627
5418
5554
5857
5420
5725
5750
5664
5586
5633
5424
5635
5752
5634
5636
5530
5689
5552
5677
5429
5726
5443
5431
5432
5948
5967
5559
5622
5435
5700
5654
5619
5657
5669
5698
5575
5676
5440
5441
5759
5649
5443
5444
5862
5717
5448
6011
7089
7451
7457
5448
5450
5761
5450
5452
5762
5452
5454
5764
5454
5456
5766
5456
5458
5768
5458
5460
5770
5460
5462
5772
5462
5464
5774
5464
5466
5776
5466
5468
5778
5468
5470
5780
5470
5472
5782
5472
5474
5784
5474
5476
5786
5476
5478
5788
5478
5480
5790
5480
5482
5792
5482
5484
5794
5484
5486
5796
5486
5488
5798
5488
5490
5800
5490
5492
5802
5492
5494
5804
5494
5496
5806
5496
5498
5808
5498
5500
5810
5500
5502
5812
5502
5504
5814
5504
5506
5816
5506
5508
5818
5508
5510
5820
5510
5512
5822
5512
5514
5824
5514
5516
5826
5516
5518
5828
5518
5520
5830
5520
5522
5832
5522
5525
5834
5524
5525
5566
5836
5599
5697
5580
5664
5564
5663
5530
5607
5760
5643
5666
5568
5670
5548
5687
5535
5550
5847
5537
5677
5841
5570
5604
5582
5686
5684
5845
5640
5679
5621
5675
5544
5691
5678
5546
5573
5849
5548
5577
5852
5550
5631
5853
5552
5584
5858
5588
5667
5623
5612
5629
5673
5685
5578
5642
5559
5673
5859
5592
5695
5609
5659
5611
5564
5653
5873
5566
5605
5836
5568
5622
5879
5570
5667
6004
5613
5705
5573
5707
5850
5575
5687
5884
5577
5659
5887
5620
5580
5676
5894
5582
5596
5896
5584
5590
5898
5586
5601
5900
5588
5711
5902
5590
5594
5904
5592
5670
5906
5594
5686
5910
5596
5633
5912
5665
5727
5599
5716
5891
5601
5718
5915
5643
5702
5604
5605
6027
5970
5607
5665
5843
5609
5663
5918
5619
5621
5872
5757
5709
5715
5751
5617
5941
5927
5710
5730
5731
5719
5917
5732
5733
5855
5625
5944
5940
5757
5656
5747
5634
5946
5648
5734
5631
5949
5934
5662
5748
5749
5753
5720
5953
5637
5954
5661
5639
5640
5704
5955
5642
5986
6161
5863
5645
6008
5956
5647
6022
5960
5735
5721
5685
5689
5652
5928
5961
5839
5722
6010
5656
5969
5963
5658
5883
5724
5868
5661
5662
6149
5972
5840
5837
5885
5914
5878
5669
5848
5981
5758
5672
5957
5984
5974
5726
5867
5846
6019
5870
5875
5680
6001
5720
5682
6012
6155
5684
5727
5995
5729
5756
5991
5697
5707
5864
5691
5838
5876
5698
5716
5694
6005
5998
5696
5754
5718
5869
5893
5700
5877
6009
5702
6062
6013
5704
5717
5955
5706
5920
5939
5889
5709
5710
5999
6016
6023
5713
5962
6021
5715
5985
6024
5908
5866
5951
6006
5728
5759
5723
5924
5947
5725
6066
5965
5861
5755
5978
6032
5865
5987
5921
5925
5929
5943
5929
5930
5860
5880
5936
5983
5937
5992
5738
5996
5738
5740
6041
5740
5742
6045
5742
6050
6047
5746
5845
5745
5746
5752
5926
5856
5938
5944
5945
5901
5988
5751
5966
5937
5926
5942
5952
5907
5950
6007
6033
5897
5989
5920
5881
5959
5921
5844
5975
5763
5997
5763
5765
6154
5765
5767
6067
5767
5769
6068
5769
5771
6262
5771
5773
6069
5773
5775
6070
5775
5777
6331
5777
5779
6071
5779
5781
6072
5781
5783
6074
5783
5785
6076
5785
5787
6078
5787
5789
6080
5789
5791
6082
5791
5793
6084
5793
5795
6086
5795
5797
6088
5797
5799
6090
5799
5801
6092
5801
5803
6094
5803
5805
6096
5805
5807
6098
5807
5809
6100
5809
5811
6102
5811
5813
6104
5813
5815
6106
5815
5817
6108
5817
5819
6110
5819
5821
6112
5821
5823
6114
5823
5825
6116
5825
5827
6118
5827
5829
6120
5829
5831
6122
5831
5833
6124
5833
5835
6126
5835
5922
6128
5922
5838
5895
6132
5842
5979
5874
5977
5842
5871
6152
5844
5886
6275
5994
5930
5939
5848
5854
6139
5851
6037
5851
5890
6144
5888
5990
5854
5935
6141
5856
5857
6143
5949
5899
5971
5860
5993
6280
5862
5931
5866
6000
6165
5865
5975
6138
5923
5932
6034
5919
6002
5892
5980
5871
5971
6137
5983
6008
5874
5979
6133
5876
5877
6377
6458
5903
6003
5880
5881
6168
6057
5920
5996
5943
6171
6014
6030
5886
6007
6243
5888
6002
6181
5890
5980
6183
5892
5909
6185
5958
5982
5895
6020
6065
5897
5913
6187
5899
5905
6189
5901
5916
6191
5903
6038
6193
5905
5911
6196
5907
5959
6198
5909
5958
6199
5911
5989
6201
5913
5988
6203
5986
6000
5916
6026
6257
6161
6207
5919
5977
6231
6005
5970
5933
5976
6036
6063
6018
6215
5953
5928
6233
6220
6058
6042
5932
5933
6265
6131
5935
6060
6285
5992
6043
6225
5964
6044
6227
5941
6175
6232
6015
6051
6052
6173
5973
6053
5998
6015
5948
6064
5968
6059
5951
6150
6026
5954
6229
5994
6040
5976
5957
6295
6244
6163
6156
6012
6254
5962
6221
6246
5964
6253
6249
5966
6290
6251
5968
5969
6316
6252
6029
6146
5973
6278
6248
5987
5993
6207
6001
6055
6001
6131
6135
6166
5982
6140
6271
6289
5985
6245
6273
6214
6205
6158
6176
5991
6162
6014
6167
6206
6031
6031
6033
6157
6011
6048
6160
6017
6025
6284
6210
6004
6172
6028
6160
6034
6209
6264
6177
6010
6208
6035
6050
6159
6057
6165
6169
6148
6017
6018
6236
6296
6020
6030
6178
6022
6247
6302
6037
6038
6025
6274
6300
6054
6028
6029
6240
6129
6061
6032
6056
6056
6449
6036
6307
6287
6039
6277
6145
6303
6149
6218
6046
6157
6219
6281
6223
6294
6224
6258
6046
6049
6308
6048
6049
6154
6439
6228
6304
6234
6293
6174
6235
6151
6269
6134
6230
6213
6156
6234
6281
6060
6143
6319
6170
6179
6155
6164
6064
6256
6317
6180
6222
6171
6195
6238
6259
6259
6261
6262
6293
6260
6263
6073
6331
6073
6075
6333
6075
6077
6332
6077
6079
6460
6079
6081
6616
6081
6083
6310
6083
6085
6434
6085
6087
6334
6087
6089
6335
6089
6091
6337
6091
6093
6339
6093
6095
6341
6095
6097
6343
6097
6099
6345
6099
6101
6347
6101
6103
6349
6103
6105
6351
6105
6107
6353
6107
6109
6355
6109
6111
6357
6111
6113
6359
6113
6115
6361
6115
6117
6363
6117
6119
6365
6119
6121
6367
6121
6123
6369
6123
6125
6371
6125
6127
6373
6127
6130
6375
6129
6130
6242
6462
6213
6222
6377
6134
6136
6426
6136
6153
6378
6147
6237
6161
6205
6140
6142
6395
6142
6286
6382
6258
6145
6184
6383
6147
6190
6384
6216
6276
6278
6151
6217
6390
6153
6237
6391
6238
6212
6164
6227
6192
6282
6212
6390
6215
6182
6255
6272
6283
6198
6168
6186
6270
6292
6329
6280
6170
6255
6456
6260
6194
6241
6174
6175
6497
6479
6188
6226
6295
6299
6179
6180
6475
6501
6182
6211
6324
6184
6270
6402
6186
6200
6404
6188
6204
6405
6190
6197
6408
6192
6267
6410
6194
6291
6412
6263
6290
6197
6202
6401
6217
6200
6283
6416
6202
6226
6418
6204
6282
6420
6214
6214
6284
6209
6305
6458
6275
6211
6266
6431
6217
6265
6216
6279
6239
6399
6227
6308
6221
6441
6466
6306
6310
6329
6250
6309
6251
6292
6312
6229
6407
6239
6231
6381
6266
6233
6452
6440
6261
6248
6313
6297
6301
6315
6439
6400
6241
6242
6510
6463
6264
6449
6245
6447
6444
6247
6467
6442
6394
6250
6454
6450
6311
6253
6318
6453
6268
6302
6323
6288
6326
6267
6269
6328
6379
6293
6262
6331
6265
6477
6428
6321
6446
6322
6422
6272
6396
6470
6274
6445
6472
6449
6304
6389
6291
6303
6387
6298
6388
6284
6379
6398
6415
6286
6320
6508
6288
6478
6489
6294
6299
6333
6413
6380
6435
6330
6297
6298
6499
6498
6397
6301
6473
6504
6314
6424
6386
6306
6307
6503
6478
6393
6436
6496
6433
6332
6333
6406
6451
6438
6500
6442
6487
6385
6486
6317
6318
6327
6589
6320
6328
6517
6322
6390
6429
6325
6455
6325
6432
6519
6327
6483
6590
6436
6616
6447
6488
6380
6336
6457
6336
6338
6530
6338
6340
6531
6340
6342
6533
6342
6344
6535
6344
6346
6537
6346
6348
6539
6348
6350
6541
6350
6352
6543
6352
6354
6545
6354
6356
6547
6356
6358
6549
6358
6360
6551
6360
6362
6553
6362
6364
6555
6364
6366
6557
6366
6368
6559
6368
6370
6561
6370
6372
6563
6372
6374
6565
6374
6376
6567
6376
6464
6632
6458
6392
6465
6393
6460
6427
6476
6459
6509
6403
6461
6385
6409
6514
6437
6443
6394
6399
6389
6482
6448
6392
6486
6520
6439
6468
6396
6459
6579
6488
6491
6411
6485
6492
6481
6493
6419
6484
6403
6423
6576
6417
6506
6406
6421
6608
6437
6481
6409
6484
6572
6411
6430
6599
6414
6511
6414
6425
6529
6471
6507
6417
6507
6528
6419
6451
6600
6421
6485
6666
6423
6506
6602
6425
6461
6604
6427
6465
6606
6429
6430
6446
6597
6432
6480
6524
6434
6435
6457
6491
6516
6620
6469
6515
6441
6523
6644
6513
6448
6518
6445
6622
6617
6487
6581
6527
6495
6625
6521
6479
6522
6454
6591
6624
6456
6628
6474
6571
6582
6616
6654
6463
6464
6512
6633
6631
6467
6645
6634
6469
6494
6635
6471
6580
6637
6473
6618
6640
6475
6740
6502
6477
6592
6480
6578
6577
6584
6526
6498
6570
6490
6569
6574
6596
6587
6597
6598
6490
6660
6650
6571
6493
6494
6674
6755
6496
6673
6655
6500
6577
6586
6505
6586
6661
6502
6503
6659
6578
6505
6641
6642
6667
6594
6509
6663
6668
6511
6512
6646
6633
6613
6634
6573
6614
6615
6664
6517
6656
6663
6619
6675
6525
6662
6588
6653
6609
6652
6523
6626
6747
6525
6585
6690
6621
6627
6570
6649
6595
6670
6605
6648
6532
6610
6532
6534
6732
6534
6536
6698
6536
6538
6807
6538
6540
6699
6540
6542
6700
6542
6544
6702
6544
6546
6704
6546
6548
6706
6548
6550
6708
6550
6552
6710
6552
6554
6712
6554
6556
6714
6556
6558
6716
6558
6560
6718
6560
6562
6720
6562
6564
6722
6564
6566
6724
6566
6568
6726
6568
6676
6728
6623
6630
6672
6610
6573
6575
6735
6575
6601
6736
6603
6680
6612
6658
6580
6583
6745
6622
6647
6583
6669
6744
6585
6593
6759
6611
6588
6614
6763
6590
6591
6623
6750
6593
6607
6695
6595
6638
6769
6629
6665
6613
6610
6647
6613
6629
6601
6652
6761
6603
6683
6779
6605
6657
6781
6607
6677
6784
6609
6682
6786
6643
6671
6626
6639
6774
6636
6684
6618
6818
6804
6620
6758
6621
6687
6686
6748
6625
6792
6678
6771
6674
6799
6662
6688
6801
6651
6696
6653
6677
6676
6681
6681
6919
6636
6757
6811
6638
6746
6813
6661
6731
6641
6804
6809
6643
6810
6816
6645
6819
6817
6648
6681
6732
6742
6675
6832
6651
6824
6820
6767
6772
6657
6680
6656
6789
6693
6685
6659
6660
6833
6948
6664
6764
6692
6776
6666
6751
6682
6670
6683
6669
6694
6830
6753
6672
6822
6834
6679
6788
6756
6689
6741
6697
6679
6837
6795
6733
6730
6691
6777
6791
6734
6782
6739
6818
6793
6805
6738
6740
6797
6803
6760
6765
6754
6794
6693
6694
6923
6985
6785
6825
6749
6800
6773
6826
6739
6839
6701
6829
6701
6703
6975
6703
6705
6851
6705
6707
6852
6707
6709
6854
6709
6711
6856
6711
6713
6858
6713
6715
6860
6715
6717
6862
6717
6719
6864
6719
6721
6866
6721
6723
6868
6723
6725
6870
6725
6727
6872
6727
6729
6874
6729
6743
6876
6752
6808
6778
6806
6739
6734
6780
6883
6737
6802
6737
6762
6903
6766
6887
6833
6742
6743
6783
6888
6823
6831
6746
6823
6889
6819
6828
6749
6750
6836
6792
6752
6815
6941
6754
6770
6895
6756
6757
6798
6896
6793
6803
6760
6825
6967
6762
6768
6947
6775
6827
6765
6766
6970
6892
6768
6787
6842
6770
6814
6908
6806
6828
6773
6827
6906
6775
6802
6933
6777
6778
6982
6965
6780
6794
6913
6782
6783
6960
6888
6785
6826
6911
6787
6808
6920
6789
6790
6922
6796
6924
6812
6918
6835
6878
6926
6796
6984
6936
6840
6841
6838
6897
6805
6838
6821
6916
6815
6919
6847
6884
6910
6880
6845
6829
6839
6850
6810
6978
6942
6812
6898
6952
6814
6890
6954
6844
6822
6905
6881
6956
6843
6882
6821
6893
6963
6846
6879
6887
6891
6894
6899
6928
6915
6979
6831
6987
6976
6834
6840
6948
6900
6836
6837
6917
6983
6848
6843
6849
6885
6974
6921
6946
6930
6931
6956
6934
6939
6901
6940
6904
6932
6944
6980
6902
6973
6943
6945
6853
6968
6853
6855
7036
6855
6857
6998
6857
6859
6999
6859
6861
7001
6861
6863
7003
6863
6865
7005
6865
6867
7007
6867
6869
7009
6869
6871
7011
6871
6873
7013
6873
6875
7015
6875
6877
7017
6877
6950
7019
6886
6951
6964
6977
6944
6951
6882
6931
6957
6914
6961
6885
6886
7086
7067
6948
6950
6890
6964
7031
6892
6893
6972
7124
6912
6966
6909
6937
6897
6898
6993
7028
6907
6935
6901
6902
7085
7094
6904
6990
7034
6942
6969
6907
6929
7037
6909
6955
7042
6930
6978
6912
6935
7074
6914
6927
7044
6934
6958
6917
6992
7027
6949
6981
6956
6921
6943
7050
6923
6925
6986
6925
6989
7053
6927
6937
7055
6929
6938
7057
6979
6941
6933
7025
6938
7046
7024
6988
7104
6994
7072
6965
6996
6969
6995
6945
7033
7022
7040
6959
6947
6997
6990
6953
7048
6962
7045
6953
7030
7070
6955
7032
7076
6958
6959
7083
7022
6961
6962
7087
7020
6991
7068
7026
7049
6967
7047
6971
6975
7023
7095
6971
6972
7111
7124
6974
7059
7091
6979
6977
7117
7100
7023
6993
7039
6982
7103
7049
6984
7027
7114
6986
6987
7054
7115
6989
7113
7118
7063
6992
7064
7065
7029
7043
7075
7061
7084
7060
7062
7052
7107
7000
7081
7000
7002
7109
7002
7004
7121
7004
7006
7127
7006
7008
7129
7008
7010
7131
7010
7012
7133
7012
7014
7135
7014
7016
7137
7016
7018
7139
7018
7021
7141
7020
7021
7087
7296
7051
7033
7038
7073
7035
7071
7080
7101
7066
7029
7030
7097
7145
7032
7080
7159
7036
7035
7099
7149
7081
7038
7058
7152
7041
7096
7041
7090
7151
7043
7077
7154
7056
7088
7090
7105
7060
7083
7069
7108
7079
7102
7106
7051
7052
7223
7220
7054
7119
7116
7056
7075
7165
7058
7093
7166
7098
7169
7219
7109
7120
7106
7164
7099
7107
7082
7155
7066
7156
7168
7105
7144
7111
7124
7082
7125
7078
7147
7072
7143
7093
7074
7148
7108
7201
7077
7160
7184
7079
7216
7186
7161
7095
7111
7223
7085
7122
7094
7092
7144
7088
7296
7442
7455
7126
7092
7170
7191
7183
7098
7109
7097
7204
7146
7189
7172
7101
7209
7199
7103
7242
7123
7110
7114
7158
7123
7163
7171
7112
7157
7113
7188
7176
7168
7116
7117
7179
7207
7119
7177
7178
7121
7122
7128
7211
7190
7171
7196
7175
7181
7128
7130
7256
7130
7132
7279
7132
7134
7227
7134
7136
7228
7136
7138
7230
7138
7140
7232
7140
7142
7234
7142
7218
7236
7150
7182
7174
7146
7147
7243
7187
7153
7195
7150
7173
7246
7181
7194
7153
7167
7224
7185
7217
7156
7196
7226
7180
7197
7175
7202
7160
7162
7265
7162
7200
7260
7193
7203
7203
7206
7205
7210
7167
7212
7257
7180
7170
7214
7268
7195
7173
7193
7263
7192
7202
7240
7177
7222
7271
7179
7272
7208
7226
7251
7183
7225
7212
7185
7266
7280
7241
7283
7215
7245
7198
7221
7211
7213
7206
7248
7192
7269
7285
7249
7204
7291
7250
7253
7198
7288
7297
7200
7304
7298
7210
7217
7259
7219
7244
7218
7237
7249
7208
7209
7352
7303
7267
7256
7274
7214
7277
7305
7216
7309
7295
7252
7296
7220
7223
7222
7311
7313
7258
7301
7247
7273
7255
7229
7278
7229
7231
7317
7231
7233
7319
7233
7235
7321
7235
7238
7323
7237
7238
7267
7324
7397
7431
7448
7282
7284
7242
7262
7248
7244
7245
7292
7286
7247
7264
7276
7261
7263
7254
7301
7282
7290
7281
7289
7254
7255
7337
7288
7277
7258
7300
7343
7270
7284
7294
7299
7262
7264
7275
7264
7266
7294
7326
7289
7269
7307
7350
7285
7355
7272
7314
7353
7274
7316
7300
7276
7287
7315
7279
7279
7306
7281
7327
7335
7333
7287
7295
7325
7351
7293
7308
7328
7339
7324
7291
7368
7302
7293
7302
7330
7331
7340
7310
7349
7299
7372
7366
7345
7312
7348
7304
7354
7371
7306
7307
7318
7373
7309
7363
7341
7311
7365
7360
7338
7344
7314
7361
7391
7316
7329
7346
7318
7320
7373
7320
7322
7378
7322
7323
7381
7336
7334
7356
7359
7327
7332
7383
7329
7342
7386
7357
7362
7332
7367
7382
7359
7364
7335
7336
7385
7401
7338
7339
7388
7349
7341
7342
7406
7408
7344
7347
7399
7346
7347
7387
7411
7357
7358
7369
7351
7376
7374
7353
7354
7392
7420
7356
7375
7389
7412
7368
7377
7379
7361
7394
7402
7363
7396
7405
7368
7380
7370
7393
7367
7416
7422
7370
7388
7397
7372
7421
7415
7376
7375
7398
7419
7378
7413
7417
7395
7390
7400
7400
7417
7395
7401
7384
7423
7384
7385
7428
7425
7387
7410
7430
7399
7390
7407
7427
7392
7403
7436
7394
7414
7437
7398
7418
7440
7404
7424
7404
7433
7425
7403
7438
7442
7411
7406
7441
7409
7419
7426
7409
7410
7431
7448
7430
7413
7418
7432
7431
7416
7452
7445
7429
7453
7424
7421
7436
7450
7423
7446
7439
7444
7444
7428
7439
7434
7439
7444
7435
7447
7448
7447
7449
7434
7435
7446
7456
7443
7438
7459
7455
7441
7454
7443
7451
7446
7456
7457
7453
7455
7451
7452
7458
7454
7459
7458
7458
)


// ************************************************************************* //
