/*--------------------------------*- C++ -*----------------------------------*\
  =========                 |
  \\      /  F ield         | OpenFOAM: The Open Source CFD Toolbox
   \\    /   O peration     | Website:  https://openfoam.org
    \\  /    A nd           | Version:  11
     \\/     M anipulation  |
\*---------------------------------------------------------------------------*/
FoamFile
{
    format      ascii;
    class       labelList;
    note        "nPoints: 4994 nCells: 4790 nFaces: 16867 nInternalFaces: 7083";
    location    "constant/polyMesh";
    object      neighbour;
}
// * * * * * * * * * * * * * * * * * * * * * * * * * * * * * * * * * * * * * //


7083
(
316
3
399
3
5
622
5
7
401
7
9
402
9
11
404
11
13
406
13
15
408
15
17
410
17
19
412
19
21
414
21
23
416
23
25
418
25
27
420
27
29
422
29
31
424
31
33
426
33
35
428
35
37
430
37
39
432
39
41
434
41
43
436
43
45
438
45
47
440
47
49
442
49
51
444
51
53
446
53
55
448
55
57
450
57
59
452
59
61
454
61
63
456
63
65
458
65
67
460
67
69
462
69
71
464
71
73
466
73
75
468
75
78
470
77
78
105
472
270
316
268
395
317
356
318
357
319
358
320
359
321
360
322
361
323
362
324
363
325
364
326
365
327
366
328
367
329
368
330
369
331
370
332
371
333
372
334
373
335
374
336
375
337
376
338
377
244
105
107
473
107
109
502
109
111
504
111
113
506
113
115
508
115
117
510
117
119
512
119
121
514
121
123
516
123
125
518
125
127
520
127
129
522
129
131
524
131
133
526
133
135
528
135
137
530
137
139
532
139
141
534
141
143
536
143
145
538
145
147
540
147
149
542
149
151
544
151
153
546
153
155
548
155
157
550
157
159
552
159
161
554
161
163
556
163
165
558
165
167
560
167
169
562
169
171
564
171
173
566
173
175
568
175
177
570
177
179
572
179
181
574
181
183
576
183
185
578
185
187
580
187
189
582
189
191
584
191
193
586
193
195
588
195
197
590
197
199
592
199
271
594
271
244
394
397
398
339
396
340
378
341
379
342
380
343
381
344
382
345
383
346
384
347
385
348
386
349
387
350
388
351
389
352
390
353
391
354
392
355
393
290
293
293
294
294
295
295
296
296
297
297
298
298
299
299
300
300
301
301
302
302
303
303
304
304
305
305
306
306
307
307
308
308
309
309
310
310
311
311
312
312
313
313
314
314
315
290
315
499
268
270
356
395
317
357
318
358
319
359
320
360
321
361
322
362
323
363
324
364
325
365
326
366
327
367
328
368
329
369
330
370
331
371
332
372
333
373
334
374
335
375
336
376
337
377
498
338
499
500
292
394
397
396
398
339
378
340
379
341
380
342
381
343
382
344
383
345
384
346
385
347
386
348
387
349
388
350
389
351
390
352
391
353
392
354
393
620
292
355
595
621
623
624
625
626
627
628
629
630
631
632
633
634
635
735
636
733
637
638
639
729
640
641
399
400
476
477
478
479
480
481
482
483
484
485
486
487
488
489
490
491
492
493
494
495
496
649
679
680
681
682
683
684
685
686
687
688
689
690
691
692
693
617
644
652
653
654
651
657
658
659
660
661
662
663
664
665
666
667
668
669
670
671
672
673
497
602
603
604
605
606
607
608
609
610
611
612
613
614
615
616
694
677
475
600
598
597
645
656
403
678
403
405
1070
405
407
791
407
409
792
409
411
794
411
413
796
413
415
798
415
417
800
417
419
802
419
421
804
421
423
806
423
425
808
425
427
810
427
429
812
429
431
814
431
433
816
433
435
818
435
437
820
437
439
822
439
441
824
441
443
826
443
445
828
445
447
830
447
449
832
449
451
834
451
453
836
453
455
838
455
457
840
457
459
842
459
461
844
461
463
846
463
465
848
465
467
850
467
469
852
469
471
854
471
474
856
473
474
503
858
599
675
779
780
676
749
650
727
655
778
777
782
776
781
726
775
725
774
724
773
723
772
722
771
721
770
720
769
719
768
718
767
717
766
716
765
715
764
714
763
713
762
646
712
674
696
501
761
646
501
597
1066
503
505
859
505
507
895
507
509
897
509
511
899
511
513
901
513
515
903
515
517
905
517
519
907
519
521
909
521
523
911
523
525
913
525
527
915
527
529
917
529
531
919
531
533
921
533
535
923
535
537
925
537
539
927
539
541
929
541
543
931
543
545
933
545
547
935
547
549
937
549
551
939
551
553
941
553
555
943
555
557
945
557
559
947
559
561
949
561
563
951
563
565
953
565
567
955
567
569
957
569
571
959
571
573
961
573
575
963
575
577
965
577
579
967
579
581
969
581
583
971
583
585
973
585
587
975
587
589
977
589
591
979
591
593
981
593
596
1042
595
596
619
983
622
599
601
984
601
648
986
698
786
697
784
783
787
711
760
710
759
709
758
708
757
707
756
706
755
705
754
704
753
703
752
702
751
701
750
618
699
618
619
1041
983
643
695
647
695
678
647
700
700
741
741
742
742
743
743
744
744
745
745
746
740
746
739
740
738
739
737
738
736
737
734
736
732
789
731
747
730
731
728
730
642
748
642
643
1113
1100
645
785
1101
694
1036
694
1037
674
675
651
865
655
656
779
749
780
676
727
1044
1020
778
782
777
781
726
776
725
775
724
774
723
773
722
772
721
771
720
770
719
769
718
768
717
767
716
766
715
765
714
764
713
763
712
762
891
893
790
761
785
1069
696
698
784
786
697
783
711
787
710
760
709
759
708
758
707
757
706
756
705
755
704
754
703
753
702
752
701
751
699
750
1004
1031
1034
989
1064
1003
1009
1002
1001
1000
999
998
997
996
995
994
993
1076
889
888
887
886
885
884
883
882
881
880
879
878
877
876
873
729
868
748
1018
1017
733
1016
747
735
1123
788
1015
1014
1013
1118
1012
1011
1029
1028
1027
1026
1025
1022
1008
1005
866
1087
1085
1084
1083
1082
1081
1080
1079
1078
1077
991
867
1062
1061
1060
1059
1058
1057
1056
1055
1054
1053
1052
1051
1050
1049
871
870
863
862
861
1048
869
1073
988
892
1071
789
1068
1074
874
1007
793
1072
793
795
1473
795
797
1168
797
799
1169
799
801
1171
801
803
1173
803
805
1175
805
807
1177
807
809
1179
809
811
1181
811
813
1183
813
815
1185
815
817
1187
817
819
1189
819
821
1191
821
823
1193
823
825
1195
825
827
1197
827
829
1199
829
831
1201
831
833
1203
833
835
1205
835
837
1207
837
839
1209
839
841
1211
841
843
1213
843
845
1215
845
847
1217
847
849
1219
849
851
1221
851
853
1223
853
855
1225
855
857
1227
857
860
1229
859
860
896
1231
872
1067
864
1006
864
1021
1265
875
1128
1010
1063
890
1046
1019
1045
1035
1158
1047
1151
872
1153
1165
874
875
1436
1450
1089
1105
1150
1155
1111
1149
1110
1148
1109
1147
1108
1146
1107
1145
1106
1144
1103
1143
1102
1142
1099
1141
1098
1140
1097
1139
890
1096
1431
894
1032
990
1127
894
985
1509
896
898
1232
898
900
1266
900
902
1268
902
904
1270
904
906
1272
906
908
1274
908
910
1276
910
912
1278
912
914
1280
914
916
1282
916
918
1284
918
920
1286
920
922
1288
922
924
1290
924
926
1292
926
928
1294
928
930
1296
930
932
1298
932
934
1300
934
936
1302
936
938
1304
938
940
1306
940
942
1308
942
944
1310
944
946
1312
946
948
1314
948
950
1316
950
952
1318
952
954
1320
954
956
1322
956
958
1324
958
960
1326
960
962
1328
962
964
1330
964
966
1332
966
968
1334
968
970
1336
970
972
1338
972
974
1340
974
976
1342
976
978
1344
978
980
1346
980
982
1348
982
1167
1474
1040
985
987
1353
987
1065
1354
992
1162
990
1033
1350
992
1156
1363
1126
1152
1136
1138
1137
1161
1121
1135
1134
1160
1094
1133
1093
1132
1092
1131
1091
1130
1090
1129
1039
1086
1043
1088
1006
1007
1472
1506
1038
1045
1010
1104
1396
1039
1112
1117
1122
1119
1164
1119
1120
1120
1125
1023
1075
1024
1116
1019
1116
1401
1021
1163
1409
1023
1024
1438
1497
1117
1124
1115
1124
1114
1115
1030
1114
1030
1112
1480
1032
1033
1501
1503
1035
1159
1466
1043
1086
1065
1076
1113
1166
1234
1041
1042
1095
1167
1352
1047
1128
1239
1076
1359
1241
1151
1153
1067
1089
1105
1150
1111
1155
1110
1149
1109
1148
1108
1147
1107
1146
1106
1145
1103
1144
1102
1143
1099
1142
1098
1141
1097
1140
1096
1139
1064
1260
1095
1358
1069
1156
1470
1154
1263
1157
1072
1157
1126
1158
1361
1127
1159
1075
1264
1492
1136
1152
1138
1161
1121
1137
1135
1160
1094
1134
1093
1133
1092
1132
1091
1131
1090
1130
1388
1104
1129
1100
1394
1392
1235
1387
1386
1385
1384
1381
1435
1465
1463
1462
1256
1162
1163
1399
1255
1254
1390
1243
1250
1249
1248
1247
1246
1244
1256
1412
1419
1417
1407
1122
1164
1402
1420
1413
1372
1125
1154
1406
1416
1423
1261
1429
1439
1426
1490
1489
1488
1487
1379
1373
1366
1371
1367
1259
1258
1257
1461
1459
1251
1443
1457
1449
1455
1245
1453
1236
1364
1445
1403
1242
1242
1356
1237
1362
1376
1368
1357
1238
1365
1496
1240
1494
1383
1170
1491
1170
1172
1729
1172
1174
1534
1174
1176
1535
1176
1178
1537
1178
1180
1539
1180
1182
1541
1182
1184
1543
1184
1186
1545
1186
1188
1547
1188
1190
1549
1190
1192
1551
1192
1194
1553
1194
1196
1555
1196
1198
1557
1198
1200
1559
1200
1202
1561
1202
1204
1563
1204
1206
1565
1206
1208
1567
1208
1210
1569
1210
1212
1571
1212
1214
1573
1214
1216
1575
1216
1218
1577
1218
1220
1579
1220
1222
1581
1222
1224
1583
1224
1226
1585
1226
1228
1587
1228
1230
1589
1230
1233
1591
1232
1233
1267
1931
1389
1452
1428
1514
1374
1425
1262
1484
1440
1481
1240
1441
1709
1430
1469
1444
1253
1515
1452
1479
1391
1404
1405
1500
1448
1519
1456
1485
1442
1520
1252
1458
1252
1253
1792
1773
1397
1460
1467
1521
1433
1400
1522
1513
1517
1512
1516
1382
1398
1262
1351
1758
1264
1447
1622
1411
1471
1267
1269
1868
1269
1271
1626
1271
1273
1627
1273
1275
1629
1275
1277
1631
1277
1279
1633
1279
1281
1635
1281
1283
1637
1283
1285
1639
1285
1287
1641
1287
1289
1643
1289
1291
1645
1291
1293
1647
1293
1295
1649
1295
1297
1651
1297
1299
1653
1299
1301
1655
1301
1303
1657
1303
1305
1659
1305
1307
1661
1307
1309
1663
1309
1311
1665
1311
1313
1667
1313
1315
1669
1315
1317
1671
1317
1319
1673
1319
1321
1675
1321
1323
1677
1323
1325
1679
1325
1327
1681
1327
1329
1683
1329
1331
1685
1331
1333
1687
1333
1335
1689
1335
1337
1691
1337
1339
1693
1339
1341
1695
1341
1343
1697
1343
1345
1699
1345
1347
1701
1347
1349
1703
1349
1772
1705
1351
1505
1707
1395
1475
1355
1510
1355
1360
1764
1424
1477
1370
1410
1359
1360
1431
1751
1478
1606
1380
1523
1369
1444
1365
1482
1753
1378
1414
1437
1486
1369
1370
1803
1865
1375
1377
1408
1440
1374
1375
1815
1862
1377
1378
1807
2038
1380
1415
1756
1382
1383
1711
1474
1511
1528
1527
1529
1526
1530
1427
1525
1389
1476
1748
1391
1393
1726
1393
1524
1727
1395
1434
1822
1397
1398
1791
1825
1400
1464
1597
1418
1441
1421
1481
1404
1405
1820
1859
1454
1468
1408
1468
1736
1410
1411
1814
1840
1483
1502
1414
1415
1845
1843
1422
1446
1418
1499
1741
1454
1502
1421
1422
1849
1856
1424
1425
1835
1828
1427
1428
1783
1804
1430
1451
1713
1432
1435
1751
1434
1495
1752
1437
1508
1531
1533
1493
1498
1460
1514
1595
1712
1443
1732
1458
1606
1446
1447
1810
1777
1449
1596
1456
1451
1531
1778
1594
1469
1482
1602
1500
1519
1787
1485
1520
1605
1515
1521
1607
1464
1467
1517
1522
1513
1516
1616
1486
1512
1477
1484
1620
1785
1738
1496
1524
1472
1799
1507
1478
1491
1772
1476
1824
1776
1821
1598
1480
1800
1483
1734
1735
1601
1708
1618
1599
1523
1528
1511
1527
1526
1529
1525
1530
1724
1493
1623
2197
1495
1867
1826
1710
1498
1499
1775
1832
1743
1504
1518
1745
1504
1505
1770
1851
1507
1508
1952
1847
1510
1518
1749
1746
1716
1608
1612
1593
1600
1614
1611
1624
1604
1788
1795
1610
1809
1603
1721
1719
1818
1532
1714
1816
1720
1722
1763
1765
1536
1730
1536
1538
2126
1538
1540
1875
1540
1542
1876
1542
1544
1878
1544
1546
1880
1546
1548
1882
1548
1550
1884
1550
1552
1886
1552
1554
1888
1554
1556
1890
1556
1558
1892
1558
1560
1894
1560
1562
1896
1562
1564
1898
1564
1566
1900
1566
1568
1902
1568
1570
1904
1570
1572
1906
1572
1574
1908
1574
1576
1910
1576
1578
1912
1578
1580
1914
1580
1582
1916
1582
1584
1918
1584
1586
1920
1586
1588
1922
1588
1590
1924
1590
1592
1926
1592
1931
1928
1774
1872
1768
1801
1737
1786
1625
1812
1617
1798
1725
1761
1718
1765
1609
1717
1766
1802
1781
1784
1715
1782
1619
1780
1733
1793
1761
1613
1790
1609
1615
1935
1757
1869
1750
1769
1613
1806
2060
1615
1839
1944
1617
1621
1946
1619
1871
2082
1621
1870
1949
1623
1796
2192
1625
1744
1951
1628
1797
1628
1630
2059
1630
1632
1955
1632
1634
1956
1634
1636
1958
1636
1638
1960
1638
1640
1962
1640
1642
1964
1642
1644
1966
1644
1646
1968
1646
1648
1970
1648
1650
1972
1650
1652
1974
1652
1654
1976
1654
1656
1978
1656
1658
1980
1658
1660
1982
1660
1662
1984
1662
1664
1986
1664
1666
1988
1666
1668
1990
1668
1670
1992
1670
1672
1994
1672
1674
1996
1674
1676
1998
1676
1678
2000
1678
1680
2002
1680
1682
2004
1682
1684
2006
1684
1686
2008
1686
1688
2010
1688
1690
2012
1690
1692
2014
1692
1694
2016
1694
1696
2018
1696
1698
2020
1698
1700
2022
1700
1702
2024
1702
1704
2026
1704
1706
2028
1706
1771
2030
1759
1853
1760
1838
1767
1867
1755
1855
1808
1854
1742
1767
1739
1779
1715
1723
2046
1717
1718
2072
2130
1720
1747
1940
1722
1723
2269
2134
1725
1731
1873
1728
1819
1728
1813
2106
1730
1731
2080
2141
1733
1780
2123
1786
1830
1740
1754
1737
1831
2133
1739
1740
2253
2155
1742
1834
2051
1744
1861
2049
1766
1781
1747
1850
2047
1768
1776
1750
1789
2075
1762
1823
1827
1754
1755
2177
2175
1757
1844
2044
1759
1760
2083
2180
1803
1763
1764
1947
1789
2056
1943
1939
2035
1770
2137
1852
1854
1933
1854
1774
1794
2076
1833
1874
1936
1796
1811
1779
1817
2067
2039
2041
1783
2145
1805
1785
1932
1831
1941
1812
1871
1870
1872
1948
1791
2171
2042
1793
1794
2097
2272
1798
1839
2092
1868
1929
2099
1842
1953
1801
1802
2100
2091
2087
1805
1806
2370
2107
1864
2062
1825
1933
1813
1855
1811
1858
2103
2033
2037
1841
1866
1829
1863
1817
1848
2117
1850
1869
1820
2195
1860
1836
1838
1823
1824
2138
2079
2042
1827
2112
2146
1829
1837
2147
1849
2040
2069
1833
1834
2089
2111
1836
1837
2162
2258
2053
2057
1841
1842
2084
2152
1844
1846
2124
1846
2036
2156
1848
1954
2159
1857
2149
1852
1853
2374
2163
2054
1857
1858
2114
2166
1860
1861
2364
2128
1863
1864
2115
2085
1866
2087
2119
2043
1931
1942
2094
1937
1934
2088
2143
1938
2197
1877
2140
1877
1879
2261
1879
1881
2203
1881
1883
2204
1883
1885
2206
1885
1887
2208
1887
1889
2210
1889
1891
2212
1891
1893
2214
1893
1895
2216
1895
1897
2218
1897
1899
2220
1899
1901
2222
1901
1903
2224
1903
1905
2226
1905
1907
2228
1907
1909
2230
1909
1911
2232
1911
1913
2234
1913
1915
2236
1915
1917
2238
1917
1919
2240
1919
1921
2242
1921
1923
2244
1923
1925
2246
1925
1927
2248
1927
1930
2250
1929
1930
2059
2411
2068
2165
2031
2077
2189
1945
2071
2065
2079
2034
2081
2070
2090
2052
2184
2048
2382
2127
2151
2045
2174
2093
2169
1945
2058
2398
1950
2193
1948
2056
2074
1950
2190
2444
2050
2096
1953
1954
2098
2279
1957
2095
1957
1959
2287
1959
1961
2288
1961
1963
2290
1963
1965
2292
1965
1967
2294
1967
1969
2296
1969
1971
2298
1971
1973
2300
1973
1975
2302
1975
1977
2304
1977
1979
2306
1979
1981
2308
1981
1983
2310
1983
1985
2312
1985
1987
2314
1987
1989
2316
1989
1991
2318
1991
1993
2320
1993
1995
2322
1995
1997
2324
1997
1999
2326
1999
2001
2328
2001
2003
2330
2003
2005
2332
2005
2007
2334
2007
2009
2336
2009
2011
2338
2011
2013
2340
2013
2015
2342
2015
2017
2344
2017
2019
2346
2019
2021
2348
2021
2023
2350
2023
2025
2352
2025
2027
2354
2027
2029
2356
2029
2032
2358
2031
2032
2104
2360
2034
2096
2254
2066
2101
2038
2061
2055
2105
2062
2110
2122
2073
2127
2165
2170
2104
2112
2185
2045
2125
2396
2135
2144
2048
2150
2394
2050
2129
2389
2052
2078
2410
2161
2182
2055
2176
2391
2113
2058
2187
2399
2095
2108
2172
2064
2157
2063
2064
2086
2368
2066
2379
2453
2118
2198
2069
2199
2183
2089
2435
2072
2501
2131
2114
2265
2075
2252
2136
2077
2274
2416
2111
2256
2139
2142
2196
2082
2415
2110
2164
2181
2121
2153
2086
2116
2507
2088
2120
2268
2186
2266
2093
2102
2109
2188
2277
2189
2190
2411
2284
2191
2273
2154
2278
2187
2193
2101
2102
2447
2434
2109
2167
2173
2106
2373
2194
2108
2372
2452
2201
2275
2268
2381
2132
2252
2363
2116
2148
2456
2118
2160
2367
2120
2121
2421
2459
2123
2264
2191
2125
2158
2462
2140
2196
2369
2129
2366
2465
2131
2132
2581
2470
2151
2183
2135
2386
2472
2137
2440
2375
2139
2168
2377
2257
2142
2143
2431
2421
2145
2412
2371
2168
2393
2148
2260
2479
2150
2174
2485
2380
2153
2154
2436
2489
2178
2281
2157
2158
2458
2690
2160
2437
2512
2162
2424
2259
2164
2376
2498
2280
2167
2363
2443
2267
2170
2439
2503
2172
2173
2467
2361
2286
2176
2179
2505
2178
2179
2433
2696
2181
2182
2413
2486
2403
2185
2511
2483
2188
2202
2200
2192
2270
2255
2407
2197
2282
2195
2420
2365
2476
2253
2446
2402
2404
2283
2400
2202
2405
2464
2205
2262
2205
2207
2729
2207
2209
2519
2209
2211
2520
2211
2213
2522
2213
2215
2524
2215
2217
2526
2217
2219
2528
2219
2221
2530
2221
2223
2532
2223
2225
2534
2225
2227
2536
2227
2229
2538
2229
2231
2540
2231
2233
2542
2233
2235
2544
2235
2237
2546
2237
2239
2548
2239
2241
2550
2241
2243
2552
2243
2245
2554
2245
2247
2556
2247
2249
2558
2249
2251
2560
2251
2492
2562
2383
2281
2285
2414
2271
2502
2385
2409
2263
2496
2259
2260
2574
2732
2262
2263
2955
2776
2276
2406
2422
2423
2427
2481
2378
2428
2384
2382
2386
2271
2417
2578
2273
2274
2494
2584
2276
2461
2596
2418
2438
2279
2441
2437
2404
2504
2387
2283
2455
2598
2285
2390
2599
2397
2497
2289
2426
2289
2291
2576
2291
2293
2606
2293
2295
2608
2295
2297
2610
2297
2299
2612
2299
2301
2614
2301
2303
2616
2303
2305
2618
2305
2307
2620
2307
2309
2622
2309
2311
2624
2311
2313
2626
2313
2315
2628
2315
2317
2630
2317
2319
2632
2319
2321
2634
2321
2323
2636
2323
2325
2638
2325
2327
2640
2327
2329
2642
2329
2331
2644
2331
2333
2646
2333
2335
2648
2335
2337
2650
2337
2339
2652
2339
2341
2654
2341
2343
2656
2343
2345
2658
2345
2347
2660
2347
2349
2662
2349
2351
2664
2351
2353
2666
2353
2355
2668
2355
2357
2670
2357
2359
2672
2359
2362
2674
2361
2362
2469
2675
2449
2365
2366
2799
2743
2445
2513
2457
2508
2423
2442
2371
2372
2566
2740
2392
2419
2375
2376
2684
2751
2378
2379
2766
2757
2425
2442
2393
2482
2388
2440
2471
2385
2408
2678
2430
2432
2475
2395
2429
2390
2466
2571
2392
2506
2692
2477
2395
2509
2693
2397
2463
2694
2401
2500
2400
2401
2735
2773
2403
2603
2425
2580
2443
2514
2407
2516
2493
2435
2517
2410
2518
2510
2492
2474
2565
2487
2499
2415
2568
2461
2417
2586
2708
2434
2569
2420
2771
2800
2719
2450
2682
2572
2488
2573
2575
2492
2563
2464
2570
2478
2698
2430
2761
2473
2495
2719
2433
2724
2731
2448
2481
2460
2490
2587
2439
2700
2725
2683
2491
2588
2590
2451
2455
2502
2446
2594
2475
2448
2454
2602
2450
2451
2793
2736
2468
2742
2454
2739
2737
2685
2480
2677
2458
2745
2727
2460
2805
2815
2688
2463
2691
2747
2515
2466
2744
2749
2468
2469
2769
2952
2471
2583
2713
2473
2474
2968
2753
2591
2495
2496
2478
2484
2787
2480
2733
2758
2592
2483
2484
2712
2870
2497
2509
2487
2488
2764
2762
2490
2491
2785
2705
2494
2702
2585
2710
2681
2593
2499
2752
2756
2501
2706
2582
2567
2504
2726
2780
2506
2697
2783
2508
2677
2789
2746
2511
2779
2796
2513
2589
2797
2515
2810
2802
2597
2701
2679
2722
2680
2778
2521
2728
2521
2523
2992
2523
2525
2817
2525
2527
2818
2527
2529
2820
2529
2531
2822
2531
2533
2824
2533
2535
2826
2535
2537
2828
2537
2539
2830
2539
2541
2832
2541
2543
2834
2543
2545
2836
2545
2547
2838
2547
2549
2840
2549
2551
2842
2551
2553
2844
2553
2555
2846
2555
2557
2848
2557
2559
2850
2559
2561
2852
2561
2564
2854
2563
2564
2577
2856
2566
2703
2741
2579
2686
2601
2704
2699
2707
2711
2730
2600
2750
2715
2720
2574
2716
2958
2605
2717
2577
2607
2857
2579
2709
2864
2604
2781
2582
2583
2951
3063
2585
2586
2976
3087
2588
2589
2804
2972
2715
2717
2595
2723
2721
2730
2695
2811
2595
2798
2953
2597
2689
2873
2687
2734
2600
2601
3029
3058
2707
2738
2604
2605
3031
3030
2607
2609
2867
2609
2611
2877
2611
2613
2879
2613
2615
2881
2615
2617
2883
2617
2619
2885
2619
2621
2887
2621
2623
2889
2623
2625
2891
2625
2627
2893
2627
2629
2895
2629
2631
2897
2631
2633
2899
2633
2635
2901
2635
2637
2903
2637
2639
2905
2639
2641
2907
2641
2643
2909
2643
2645
2911
2645
2647
2913
2647
2649
2915
2649
2651
2917
2651
2653
2919
2653
2655
2921
2655
2657
2923
2657
2659
2925
2659
2661
2927
2661
2663
2929
2663
2665
2931
2665
2667
2933
2667
2669
2935
2669
2671
2937
2671
2673
2939
2673
2676
2941
2675
2676
2952
3033
2718
2679
2680
2979
3041
2777
2791
2720
2755
2684
2714
2944
2686
2687
3044
3066
2689
2704
2986
2691
2727
2956
2770
2784
2760
2772
2695
2748
2943
2697
2731
2960
2767
2782
2700
3081
3036
2702
2985
2975
2754
2813
2816
2786
2803
2775
2950
2859
2709
3089
2987
2791
2812
2802
2948
2796
2869
2714
3065
3008
2954
2763
2997
2861
2759
2862
2805
2872
2722
3035
3010
2724
3057
3012
2726
3037
3014
2947
2729
2945
2871
2876
3013
2733
2958
3024
2735
3004
2774
2795
2809
2738
2875
3022
2757
2874
2741
2742
2814
2807
2744
2801
3106
2790
2946
2772
2811
2748
2957
3016
2750
3107
3046
2752
2944
3049
2754
2970
3054
2794
2863
2806
3051
2768
2759
3025
3061
2761
2983
2969
2763
2765
3069
2765
2806
3071
2767
2768
3091
3074
2808
2971
2771
3079
3077
2860
2774
2775
3244
3083
2777
2974
3002
2779
2980
3028
2781
3015
3092
2788
2962
2784
2961
3085
2786
2792
2963
2788
3003
3097
2790
2862
3099
2865
2815
2865
2794
2795
3076
3101
2964
2798
2973
3104
2800
2801
3078
3271
3048
2804
2991
3006
2812
2959
2808
2996
3005
2810
3060
3021
2965
2815
2814
2990
2996
3007
3059
2819
3108
2819
2821
3333
2821
2823
3114
2823
2825
3115
2825
2827
3117
2827
2829
3119
2829
2831
3121
2831
2833
3123
2833
2835
3125
2835
2837
3127
2837
2839
3129
2839
2841
3131
2841
2843
3133
2843
2845
3135
2845
2847
3137
2847
2849
3139
2849
2851
3141
2851
2853
3143
2853
2855
3145
2855
2858
3147
2857
2858
2868
3149
3023
3080
2967
2982
2977
2994
2998
2999
3000
2988
3043
2866
2963
3002
2868
2878
3150
2870
2981
3003
2955
3039
3000
3020
2984
3026
2875
3027
3268
2949
3034
2878
2880
3273
2880
2882
3180
2882
2884
3181
2884
2886
3183
2886
2888
3185
2888
2890
3187
2890
2892
3189
2892
2894
3191
2894
2896
3193
2896
2898
3195
2898
2900
3197
2900
2902
3199
2902
2904
3201
2904
2906
3203
2906
2908
3205
2908
2910
3207
2910
2912
3209
2912
2914
3211
2914
2916
3213
2916
2918
3215
2918
2920
3217
2920
2922
3219
2922
2924
3221
2924
2926
3223
2926
2928
3225
2928
2930
3227
2930
2932
3229
2932
2934
3231
2934
2936
3233
2936
2938
3235
2938
2940
3237
2940
2942
3239
2942
3110
3179
2966
3017
3009
2995
3038
2947
3040
3018
2949
2989
3247
2951
3032
3064
2971
3056
3105
2978
3020
2974
2957
3018
3254
3045
3053
3072
2961
3082
3256
3090
3095
3094
3028
3096
2966
2967
3538
3385
2969
2970
3436
3336
3033
2973
3006
3265
2993
2976
3294
3088
2978
3331
3284
3011
3112
3042
3276
3096
3253
2983
3290
3539
2985
3309
3293
3007
3026
2988
3368
3382
3001
3153
3055
3167
3094
3157
2995
3108
3109
3162
3030
3260
3155
3166
3019
3045
3062
3156
3075
3159
3160
3048
3161
3162
3173
3068
3245
3111
3168
3158
3278
3009
3355
3050
3011
3328
3315
3013
3352
3082
3015
3330
3317
3017
3255
3319
3243
3070
3169
3170
3048
3250
3023
3270
3320
3025
3252
3323
3152
3074
3174
3277
3047
3176
3177
3093
3177
3084
3171
3110
3035
3249
3328
3037
3362
3329
3039
3163
3109
3100
3242
3042
3112
3312
3044
3287
3067
3252
3047
3388
3343
3050
3051
3449
3052
3053
3527
3316
3055
3337
3348
3057
3296
3389
3059
3176
3349
3103
3251
3062
3324
3346
3064
3065
3172
3353
3067
3068
3440
3344
3070
3073
3341
3072
3073
3393
3530
3175
3076
3295
3102
3078
3259
3322
3086
3258
3081
3391
3361
3280
3084
3246
3363
3086
3257
3365
3088
3089
3454
3367
3091
3371
3175
3093
3318
3372
3154
3098
3263
3264
3098
3288
3374
3100
3156
3376
3102
3103
3434
3378
3105
3267
3359
3107
3272
3387
3261
3113
3111
3178
3307
3165
3286
3116
3334
3116
3118
3615
3118
3120
3403
3120
3122
3404
3122
3124
3406
3124
3126
3408
3126
3128
3410
3128
3130
3412
3130
3132
3414
3132
3134
3416
3134
3136
3418
3136
3138
3420
3138
3140
3422
3140
3142
3424
3142
3144
3426
3144
3146
3428
3146
3148
3430
3148
3151
3568
3150
3151
3275
3432
3279
3308
3248
3381
3283
3300
3164
3262
3302
3158
3297
3266
3303
3311
3306
3311
3292
3380
3283
3164
3165
3664
3594
3167
3168
3339
3298
3310
3338
3285
3306
3172
3321
3354
3253
3288
3269
3325
3326
3356
3282
3179
3299
3240
3182
3274
3182
3184
3458
3184
3186
3468
3186
3188
3470
3188
3190
3472
3190
3192
3474
3192
3194
3476
3194
3196
3478
3196
3198
3480
3198
3200
3482
3200
3202
3484
3202
3204
3486
3204
3206
3488
3206
3208
3490
3208
3210
3492
3210
3212
3494
3212
3214
3496
3214
3216
3498
3216
3218
3500
3218
3220
3502
3220
3222
3504
3222
3224
3506
3224
3226
3508
3226
3228
3510
3228
3230
3512
3230
3232
3514
3232
3234
3516
3234
3236
3518
3236
3238
3520
3238
3241
3522
3240
3241
3621
3618
3243
3335
3305
3245
3246
3395
3524
3248
3249
3600
3597
3251
3292
3345
3338
3291
3255
3305
3528
3257
3281
3533
3259
3327
3535
3331
3384
3262
3369
3574
3301
3370
3332
3351
3266
3267
3550
3627
3269
3270
3629
3585
3272
3322
3545
3274
3275
3582
3432
3277
3289
3332
3279
3350
3555
3281
3396
3556
3373
3384
3286
3285
3576
3592
3447
3383
3441
3398
3314
3400
3386
3397
3351
3554
3402
3294
3589
3455
3304
3433
3360
3552
3300
3549
3299
3340
3621
3448
3375
3438
3347
3437
3304
3584
3620
3467
3459
3313
3315
3309
3685
3588
3342
3443
3444
3313
3314
3686
3599
3451
3392
3445
3318
3617
3590
3446
3529
3390
3601
3364
3587
3537
3324
3547
3605
3326
3450
3452
3366
3453
3461
3330
3624
3616
3543
3401
3334
3369
3464
3377
3466
3337
3540
3580
3547
3340
3348
3623
3342
3532
3625
3357
3640
3394
3442
3379
3463
3347
3606
3612
3439
3350
3358
3631
3457
3389
3396
3354
3355
3614
3460
3357
3358
3643
3738
3360
3628
3626
3362
3565
3652
3364
3526
3544
3366
3534
3657
3368
3456
3658
3435
3371
3579
3452
3373
3591
3563
3375
3622
3603
3377
3437
3668
3379
3571
3670
3381
3630
3672
3383
3659
3673
3399
3386
3542
3675
3388
3546
3678
3553
3391
3633
3564
3393
3656
3531
3395
3635
3525
3551
3548
3566
3554
3622
3560
3679
3401
3561
3642
3463
3562
3405
3641
3405
3407
3826
3407
3409
3704
3409
3411
3862
3411
3413
3705
3413
3415
3847
3415
3417
3706
3417
3419
3707
3419
3421
3709
3421
3423
3711
3423
3425
3713
3425
3427
3715
3427
3429
3717
3429
3431
3719
3431
3663
3721
3567
3434
3681
3571
3465
3573
3539
3540
3575
3577
3578
3580
3644
3441
3442
3581
3817
3559
3637
3583
3596
3544
3598
3538
3541
3448
3595
3650
3460
3527
3604
3647
3462
3646
3608
3536
3697
3455
3456
3881
3925
3572
3642
3469
3611
3593
3596
3614
3462
3634
3749
3607
3465
3655
3750
3467
3648
3602
3469
3471
3754
3471
3473
3756
3473
3475
3758
3475
3477
3760
3477
3479
3762
3479
3481
3764
3481
3483
3766
3483
3485
3768
3485
3487
3770
3487
3489
3772
3489
3491
3774
3491
3493
3776
3493
3495
3778
3495
3497
3780
3497
3499
3782
3499
3501
3784
3501
3503
3786
3503
3505
3788
3505
3507
3790
3507
3509
3792
3509
3511
3794
3511
3513
3796
3513
3515
3798
3515
3517
3800
3517
3519
3802
3519
3521
3804
3521
3523
3806
3523
3619
3808
3525
3526
3822
3661
3598
3529
3602
3638
3531
3532
3832
3935
3534
3558
3740
3536
3537
3743
3649
3542
3548
3654
3569
3639
3570
3576
3680
3660
3546
3649
3835
3559
3653
3550
3651
3839
3557
3667
3553
3693
3667
3586
3632
3684
3557
3558
3969
3959
3727
3563
3699
3689
3844
3630
3700
3701
3565
3819
3858
3677
3702
3568
3582
3663
3570
3869
3676
3683
3586
3838
3574
3724
3665
3613
3725
3726
3603
3848
3579
3965
3609
3752
3674
3830
3611
3584
3895
3853
3601
3728
3732
3598
3614
3589
3914
3880
3591
3909
3856
3593
3875
3884
3595
3666
3886
3742
3634
3737
3688
3689
3690
3737
3691
3729
3753
3610
3745
3606
3727
3899
3671
3747
3609
3610
4030
3898
3734
3613
3900
3904
3641
3655
3617
3811
3908
3619
3915
4038
3682
3748
3915
3812
3645
3916
3652
3810
3636
3917
3692
3879
3628
3839
3878
3647
3728
3815
3632
3739
3923
3698
3818
3820
3736
3821
3637
3928
4033
3639
3731
3929
3678
3694
3823
3833
3695
3825
3645
3872
3933
3687
3912
3829
3669
3730
3744
3651
3886
3949
3859
3654
3703
3752
3841
3662
3831
3696
3741
3659
3927
3937
3661
3662
4005
3903
3733
3665
3666
3947
4120
3855
3669
3725
3951
3671
3942
3953
3690
3816
3674
3938
3867
3676
3677
4003
3955
3836
3680
3892
3961
3682
3683
3972
3942
3685
3896
3913
3687
3688
3888
3966
3824
3723
3698
3840
3693
3897
3854
3695
3890
3906
3697
3957
3931
3834
3852
3892
3747
3940
3856
3876
3703
3857
3871
3827
4040
3845
3846
3708
3861
3708
3710
4125
3710
3712
3992
3712
3714
4145
3714
3716
3993
3716
3718
3994
3718
3720
3996
3720
3722
3998
3722
3735
4000
3865
3866
3751
3946
3873
3874
3962
4006
3746
3730
3731
3920
4010
3813
3922
3734
3735
3755
4012
3817
3837
3849
3739
3825
4021
3741
3960
3893
3885
3894
3744
3932
3883
3877
3936
3840
3860
3901
3853
3902
3907
3911
3751
3843
4118
3870
3814
3845
3755
3757
4013
3757
3759
4042
3759
3761
4047
3761
3763
4049
3763
3765
4051
3765
3767
4053
3767
3769
4055
3769
3771
4057
3771
3773
4059
3773
3775
4061
3775
3777
4063
3777
3779
4065
3779
3781
4067
3781
3783
4069
3783
3785
4071
3785
3787
4073
3787
3789
4075
3789
3791
4077
3791
3793
4079
3793
3795
4081
3795
3797
4083
3797
3799
4085
3799
3801
4087
3801
3803
4089
3803
3805
4091
3805
3807
4093
3807
3809
4095
3809
4015
4097
3811
3974
4100
3813
3814
4181
4133
3816
3939
3921
3830
3819
3863
4104
3864
3907
3822
3945
4005
3828
3842
3918
3968
3979
3827
3828
4169
4257
3860
3877
3850
3832
3882
4026
3844
3941
3891
3943
3836
3883
3889
3851
3944
3887
3941
3948
3919
3842
3843
4258
4221
3910
3862
3847
3848
3861
3963
3864
3866
3851
3868
3987
3876
4112
3982
3855
4020
3970
4035
3956
3984
3859
3986
3973
4105
3964
4040
3891
3988
3989
3990
4342
3991
3868
4207
4148
3930
4002
3871
3872
3985
4144
3905
4127
3875
4226
4152
4116
4107
3879
3950
3976
3881
4186
3926
3903
4109
4007
3885
4153
4159
4115
3922
4117
3958
3967
3890
4009
4165
4124
4111
4017
4044
3895
4166
4164
3924
4024
3977
4019
3936
4032
3900
4132
4141
3954
4028
3975
4175
4029
3905
4142
4178
3978
4106
4034
3909
4201
4160
3918
4036
3912
4037
3958
3914
4025
4185
3916
3934
3935
3980
4102
3943
4018
3952
4101
3990
4103
4119
3924
4023
4194
3926
3927
4240
4196
3981
4004
3930
4011
4198
3932
4131
4008
3934
4027
4038
4026
4016
3938
4197
4206
3940
4113
4114
4123
3983
4126
3945
4138
4135
3947
4183
4121
3949
3950
4143
4214
3952
4127
4208
3954
4130
4217
3956
4147
4219
3989
4017
4223
3960
3971
4045
3962
4156
4225
3964
3965
4125
4031
3967
3968
4154
4172
3970
3971
4275
4269
3975
3983
3974
4231
4229
4041
3977
4215
4140
3979
4136
4022
3981
4110
4179
4164
4190
4128
3985
4213
4239
4104
4139
4137
4149
4193
4232
4131
4403
4131
4244
4216
4341
3995
4205
3995
3997
4373
3997
3999
4249
3999
4001
4250
4001
4014
4252
4003
4146
4147
4134
4236
4029
4033
4132
4008
4009
4244
4343
4011
4101
4280
4013
4014
4043
4263
4038
4039
4157
4158
4034
4105
4161
4020
4171
4262
4022
4023
4519
4367
4025
4163
4255
4108
4039
4144
4114
4168
4135
4031
4032
4224
4176
4134
4037
4160
4180
4123
4237
4046
4098
4133
4129
4191
4043
4048
4264
4045
4046
4269
4238
4048
4050
4327
4050
4052
4281
4052
4054
4336
4054
4056
4282
4056
4058
4283
4058
4060
4326
4060
4062
4284
4062
4064
4333
4064
4066
4285
4066
4068
4382
4068
4070
4286
4070
4072
4383
4072
4074
4287
4074
4076
4288
4076
4078
4290
4078
4080
4292
4080
4082
4294
4082
4084
4296
4084
4086
4298
4086
4088
4300
4088
4090
4302
4090
4092
4304
4092
4094
4306
4094
4096
4308
4096
4099
4310
4098
4099
4278
4385
4201
4230
4184
4174
4187
4106
4113
4193
4151
4165
4151
4157
4109
4110
4203
4322
4155
4202
4202
4204
4136
4192
4122
4143
4180
4210
4167
4200
4182
4211
4245
4315
4121
4122
4424
4416
4167
4177
4222
4224
4162
4177
4227
4129
4130
4432
4374
4189
4169
4188
4150
4192
4138
4272
4150
4231
4314
4170
4338
4142
4339
4371
4324
4239
4205
4341
4199
4247
4246
4149
4419
4347
4203
4323
4153
4358
4351
4173
4212
4156
4360
4349
4488
4176
4520
4166
4352
4266
4162
4364
4522
4195
4267
4270
4403
4254
4259
4218
4369
4181
4171
4405
4423
4173
4174
4509
4453
4190
4233
4216
4312
4234
4372
4235
4376
4273
4245
4183
4361
4425
4209
4279
4186
4256
4241
4237
4390
4189
4354
4339
4330
4233
4313
4389
4325
4195
4368
4391
4197
4242
4393
4199
4355
4395
4221
4315
4316
4318
4320
4210
4319
4487
4207
4394
4418
4209
4228
4420
4317
4221
4261
4223
4401
4220
4277
4215
4324
4384
4224
4218
4374
4427
4220
4248
4428
4232
4331
4238
4226
4350
4357
4228
4234
4366
4230
4359
4491
4334
4335
4243
4271
4236
4375
4353
4260
4274
4276
4241
4242
4438
4495
4377
4381
4342
4257
4247
4248
4414
4440
4251
4340
4251
4253
4444
4253
4265
4503
4270
4345
4256
4268
4437
4258
4315
4260
4261
4388
4361
4275
4402
4264
4265
4329
4517
4316
4370
4268
4362
4448
4274
4447
4346
4365
4321
4348
4370
4451
4356
4356
4277
4278
4399
4386
4280
4380
4355
4328
4337
4283
4331
4335
4314
4332
4344
4410
4409
4430
4289
4411
4289
4291
4590
4291
4293
4397
4293
4295
4460
4295
4297
4482
4297
4299
4461
4299
4301
4462
4301
4303
4464
4303
4305
4466
4305
4307
4468
4307
4309
4470
4309
4311
4472
4311
4387
4474
4337
4363
4378
4431
4325
4485
4397
4451
4360
4396
4396
4398
4321
4322
4407
4376
4340
4364
4415
4326
4335
4328
4329
4526
4517
4381
4447
4336
4333
4334
4344
4359
4337
4384
4412
4434
4373
4520
4343
4403
4486
4379
4443
4404
4439
4348
4504
4498
4350
4524
4507
4352
4452
4379
4354
4455
4435
4478
4401
4358
4508
4510
4486
4458
4456
4392
4446
4522
4526
4444
4366
4501
4421
4368
4603
4563
4389
4610
4494
4372
4436
4404
4488
4492
4408
4454
4406
4378
4536
4529
4477
4422
4479
4457
4410
4430
4409
4411
4417
4386
4387
4400
4540
4445
4456
4519
4405
4412
4392
4433
4476
4394
4497
4543
4413
4480
4483
4398
4460
4400
4429
4545
4402
4423
4533
4453
4407
4408
4499
4525
4490
4489
4537
4445
4414
4552
4441
4416
4417
4426
4459
4419
4544
4505
4421
4422
4556
4546
4509
4425
4426
4521
4535
4433
4493
4429
4442
4549
4484
4432
4513
4492
4563
4435
4436
4580
4532
4438
4450
4496
4500
4554
4441
4442
4591
4588
4512
4515
4502
4459
4449
4538
4514
4449
4450
4631
4601
4590
4510
4523
4509
4455
4527
4581
4521
4516
4534
4524
4531
4535
4481
4463
4539
4463
4465
4607
4465
4467
4567
4467
4469
4568
4469
4471
4570
4471
4473
4572
4473
4475
4574
4475
4540
4576
4493
4565
4511
4523
4479
4480
4541
4518
4482
4483
4539
4531
4485
4490
4491
4489
4488
4520
4491
4494
4585
4585
4537
4496
4497
4602
4618
4499
4506
4525
4501
4609
4557
4503
4522
4548
4505
4506
4612
4596
4508
4595
4560
4559
4512
4628
4598
4530
4587
4515
4516
4599
4604
4548
4542
4551
4603
4535
4555
4579
4528
4548
4528
4562
4564
4530
4584
4627
4634
4533
4582
4553
4536
4586
4583
4590
4565
4617
4621
4545
4542
4547
4566
4544
4620
4613
4550
4547
4558
4629
4550
4589
4577
4552
4623
4592
4554
4626
4600
4561
4615
4557
4558
4668
4690
4560
4561
4687
4657
4616
4633
4610
4596
4611
4587
4622
4630
4569
4606
4569
4571
4640
4571
4573
4650
4573
4575
4652
4575
4578
4654
4577
4578
4663
4679
4594
4624
4581
4582
4616
4625
4584
4636
4643
4587
4605
4635
4589
4593
4662
4592
4593
4674
4712
4595
4664
4688
4597
4614
4660
4599
4641
4638
4608
4659
4602
4632
4619
4610
4605
4638
4665
4607
4649
4621
4609
4675
4667
4633
4642
4613
4614
4672
4709
4628
4645
4647
4627
4637
4619
4620
4685
4671
4634
4623
4666
4673
4634
4649
4626
4647
4658
4644
4646
4630
4691
4681
4632
4637
4683
4639
4636
4700
4694
4648
4680
4661
4693
4651
4656
4646
4696
4660
4692
4644
4695
4648
4669
4686
4670
4661
4676
4656
4651
4653
4722
4653
4655
4724
4655
4698
4726
4664
4686
4689
4659
4701
4677
4703
4701
4663
4714
4679
4723
4699
4715
4682
4705
4668
4739
4730
4670
4702
4707
4672
4734
4710
4674
4706
4713
4678
4736
4684
4721
4678
4720
4735
4698
4697
4715
4682
4768
4766
4684
4685
4755
4734
4716
4688
4689
4737
4740
4691
4730
4770
4693
4743
4719
4695
4747
4721
4697
4708
4748
4704
4700
4746
4762
4718
4717
4750
4711
4733
4727
4731
4706
4732
4769
4708
4761
4753
4710
4711
4756
4784
4713
4714
4751
4731
4729
4717
4742
4763
4719
4720
4785
4777
4765
4723
4725
4737
4725
4728
4764
4727
4728
4774
4781
4738
4744
4759
4751
4752
4760
4743
4772
4754
4738
4745
4739
4749
4741
4748
4757
4741
4742
4764
4775
4767
4745
4746
4777
4778
4762
4772
4749
4753
4761
4780
4769
4783
4787
4758
4755
4756
4789
4784
4758
4759
4779
4776
4766
4771
4779
4767
4771
4773
4782
4772
4789
4773
4778
4770
4786
4774
4776
4775
4780
4783
4787
4788
4785
4785
4788
4786
4782
4783
4787
4789
4788
)


// ************************************************************************* //
