/*--------------------------------*- C++ -*----------------------------------*\
  =========                 |
  \\      /  F ield         | OpenFOAM: The Open Source CFD Toolbox
   \\    /   O peration     | Website:  https://openfoam.org
    \\  /    A nd           | Version:  11
     \\/     M anipulation  |
\*---------------------------------------------------------------------------*/
FoamFile
{
    format      ascii;
    class       labelList;
    note        "nPoints: 3328 nCells: 3170 nFaces: 11174 nInternalFaces: 4676";
    location    "constant/polyMesh";
    object      neighbour;
}
// * * * * * * * * * * * * * * * * * * * * * * * * * * * * * * * * * * * * * //


4676
(
250
3
250
3
5
574
5
7
313
7
9
314
9
11
316
11
13
318
13
15
320
15
17
322
17
19
324
19
21
326
21
23
328
23
25
330
25
27
332
27
29
334
29
31
336
31
33
338
33
35
340
35
37
342
37
39
344
39
41
346
41
43
348
43
45
350
45
47
352
47
49
354
49
52
356
51
52
80
358
198
361
194
303
197
219
251
305
252
304
253
280
254
281
255
282
256
283
257
284
258
285
259
286
260
287
261
288
262
289
263
290
264
291
265
292
266
293
267
294
268
295
269
296
77
297
77
78
239
170
80
82
359
82
84
393
84
86
395
86
88
397
88
90
399
90
92
401
92
94
403
94
96
405
96
98
407
98
100
409
100
102
411
102
104
413
104
106
415
106
108
417
108
110
419
110
112
421
112
114
423
114
116
425
116
118
427
118
120
429
120
122
431
122
124
433
124
126
435
126
128
437
128
130
439
130
132
441
132
134
443
134
136
445
136
138
447
138
140
449
140
142
451
142
144
453
144
146
455
146
148
457
148
150
459
150
152
461
152
154
463
154
156
465
156
158
467
158
160
469
160
162
471
162
164
473
164
166
475
166
168
477
168
193
479
193
238
226
240
222
307
220
225
227
306
270
310
271
309
272
308
273
298
274
299
275
300
276
301
277
302
236
519
241
242
242
521
243
244
244
278
245
279
245
524
246
247
247
526
236
248
249
195
484
197
198
303
362
312
219
305
251
304
252
280
253
281
254
282
255
283
256
284
257
285
258
286
259
287
260
288
261
289
262
290
263
291
264
292
265
293
266
294
267
295
268
296
269
297
389
221
517
227
223
490
225
226
307
489
482
486
306
310
270
309
271
308
272
298
273
299
274
300
275
301
276
302
513
249
277
239
240
386
557
519
575
520
521
570
522
523
524
589
525
526
585
480
361
311
364
367
368
369
370
371
372
373
374
375
376
377
378
379
380
381
382
383
387
492
497
556
566
567
565
507
279
594
581
514
538
535
533
529
543
544
545
546
547
548
549
550
551
552
553
554
384
388
503
504
505
506
510
531
365
363
392
488
500
494
366
560
511
527
315
561
315
317
840
317
319
618
319
321
619
321
323
621
323
325
623
325
327
625
327
329
627
329
331
629
331
333
631
333
335
633
335
337
635
337
339
637
339
341
639
341
343
641
343
345
643
345
347
645
347
349
647
349
351
649
351
353
651
353
355
653
355
357
655
357
360
657
359
360
394
659
527
390
485
487
495
515
536
366
391
687
516
537
534
539
532
540
528
541
542
606
605
612
604
611
603
610
602
609
601
608
600
607
584
599
583
598
580
597
579
596
578
595
385
577
385
386
838
779
496
501
499
555
390
391
836
880
483
530
394
396
660
396
398
688
398
400
690
400
402
692
402
404
694
404
406
696
406
408
698
408
410
700
410
412
702
412
414
704
414
416
706
416
418
708
418
420
710
420
422
712
422
424
714
424
426
716
426
428
718
428
430
720
430
432
722
432
434
724
434
436
726
436
438
728
438
440
730
440
442
732
442
444
734
444
446
736
446
448
738
448
450
740
450
452
742
452
454
744
454
456
746
456
458
748
458
460
750
460
462
752
462
464
754
464
466
756
466
468
758
468
470
760
470
472
762
472
474
764
474
476
766
476
478
768
478
481
801
480
481
509
770
483
557
793
485
512
771
487
518
843
493
498
491
558
491
530
817
493
502
775
495
496
805
852
498
499
851
868
501
502
834
844
559
569
614
615
564
613
508
568
508
509
800
770
511
512
774
855
562
586
515
516
809
863
518
558
662
563
572
576
573
571
593
582
591
592
587
590
588
574
529
616
542
673
536
560
533
664
541
535
671
540
670
538
663
539
803
668
665
804
606
612
605
611
604
610
603
609
602
608
601
607
584
600
583
599
580
598
579
597
578
596
577
595
556
686
559
779
797
776
788
574
773
563
848
846
565
785
568
569
614
613
615
784
772
571
884
861
573
873
862
576
847
876
787
833
832
831
582
830
872
791
682
586
827
877
588
810
829
590
875
866
592
874
879
594
899
878
795
685
684
683
826
828
680
679
678
677
676
675
617
824
823
822
807
812
674
782
780
667
814
681
858
620
841
620
622
1117
622
624
901
624
626
902
626
628
904
628
630
906
630
632
908
632
634
910
634
636
912
636
638
914
638
640
916
640
642
918
642
644
920
644
646
922
646
648
924
648
650
926
650
652
928
652
654
930
654
656
932
656
658
934
658
661
936
660
661
689
938
798
849
802
865
666
669
666
667
1104
1110
669
672
1115
790
808
672
815
943
794
816
781
813
811
819
806
820
821
871
889
897
888
896
681
895
1090
825
893
792
887
886
892
885
891
777
870
789
882
689
691
938
691
693
971
693
695
973
695
697
975
697
699
977
699
701
979
701
703
981
703
705
983
705
707
985
707
709
987
709
711
989
711
713
991
713
715
993
715
717
995
717
719
997
719
721
999
721
723
1001
723
725
1003
725
727
1005
727
729
1007
729
731
1009
731
733
1011
733
735
1013
735
737
1015
737
739
1017
739
741
1019
741
743
1021
743
745
1023
745
747
1025
747
749
1027
749
751
1029
751
753
1031
753
755
1033
755
757
1035
757
759
1037
759
761
1039
761
763
1041
763
765
1043
765
767
1045
767
769
1047
769
970
1095
799
835
857
778
818
774
842
856
845
850
777
778
1153
1171
837
781
783
1061
783
818
1063
786
860
786
813
1114
796
867
789
790
1162
1154
792
894
1088
794
839
1072
796
859
1167
798
883
1078
800
801
860
970
803
1051
815
814
819
853
890
807
1105
821
809
1121
864
866
944
812
945
820
949
1067
1065
817
1069
883
1086
1049
941
1082
871
897
889
896
888
895
826
953
894
829
955
858
893
958
878
959
887
892
886
891
859
885
854
1074
836
1137
881
838
839
867
1142
841
842
1244
1134
849
890
845
1074
1144
847
1054
1052
877
1053
1055
851
1138
869
853
854
1109
1150
856
857
1133
1099
1084
957
1094
898
948
884
1058
864
865
1232
1156
1076
1142
869
870
1250
1160
967
874
960
876
1057
1071
879
1075
1077
956
1148
1081
881
882
1349
1169
969
947
1059
966
965
961
1103
950
1143
1130
963
900
942
952
951
899
1396
1176
954
1097
903
1119
903
905
1392
905
907
1182
907
909
1183
909
911
1185
911
913
1187
913
915
1189
915
917
1191
917
919
1193
919
921
1195
921
923
1197
923
925
1199
925
927
1201
927
929
1203
929
931
1205
931
933
1207
933
935
1209
935
937
1211
937
940
1213
940
972
3163
3169
1495
946
1174
962
1091
1066
1118
958
1106
946
1050
1223
948
1096
1107
1062
1113
1056
1108
968
1102
1123
1175
954
964
1370
956
1179
1125
1060
1126
1127
960
1116
1128
962
1175
1403
964
1085
1245
1089
1129
1131
1168
968
1083
1366
1070
1079
1093
974
1421
3164
3168
974
976
1254
976
978
1255
978
980
1257
980
982
1259
982
984
1261
984
986
1263
986
988
1265
988
990
1267
990
992
1269
992
994
1271
994
996
1273
996
998
1275
998
1000
1277
1000
1002
1279
1002
1004
1281
1004
1006
1283
1006
1008
1285
1008
1010
1287
1010
1012
1289
1012
1014
1291
1014
1016
1293
1016
1018
1295
1018
1020
1297
1020
1022
1299
1022
1024
1301
1024
1026
1303
1026
1028
1305
1028
1030
1307
1030
1032
1309
1032
1034
1311
1034
1036
1313
1036
1038
1315
1038
1040
1317
1040
1042
1319
1042
1044
1321
1044
1046
1323
1046
1048
1325
1048
1215
1327
1050
1068
1330
1140
1157
1077
1141
1054
1149
1164
1056
1080
1334
1058
1120
1139
1060
1158
1336
1062
1064
1340
1064
1087
1342
1066
1140
1344
1068
1112
1346
1070
1073
1380
1081
1122
1073
1165
1364
1100
1076
1147
1166
1101
1079
1080
1411
1447
1098
1083
1159
1356
1085
1092
1357
1087
1173
1359
1089
1097
1361
1091
1092
1398
1458
1094
1095
1132
1215
1139
1221
1180
1147
1348
1135
1136
1145
1152
1120
1181
1103
1217
1123
1111
1124
1159
1174
1166
1353
1222
1352
1109
1424
1151
1111
1112
1440
1384
1114
1218
1132
1118
1124
1177
1225
1119
1355
1229
1365
1228
1155
1231
1128
1230
1235
1388
1149
1227
1167
1240
1178
1354
1226
1130
1234
1131
1246
1241
1134
1135
1363
1395
1137
1374
1350
1146
1251
1253
1335
1164
1332
1165
1158
1168
1145
1146
1426
1425
1248
1176
1177
1333
1151
1152
1507
1429
1161
1172
1155
1163
1432
1157
1419
1434
1220
1377
1161
1252
1436
1163
1170
1438
1339
1167
1249
1238
1170
1351
1452
1172
1173
1375
1454
1216
1219
1406
1233
1179
1428
1227
1371
1378
1332
1373
1184
1412
1184
1186
1700
1186
1188
1464
1188
1190
1465
1190
1192
1467
1192
1194
1469
1194
1196
1471
1196
1198
1473
1198
1200
1475
1200
1202
1477
1202
1204
1479
1204
1206
1481
1206
1208
1483
1208
1210
1485
1210
1212
1487
1212
1214
1489
1214
1495
1491
1243
1224
1376
1236
1368
1242
1341
1237
1457
1239
1337
1222
1383
1450
1224
1331
1498
1226
1413
1386
1400
1253
1390
1345
1387
1348
1391
1232
1393
1419
1394
1407
1362
1404
1236
1237
1644
1687
1239
1247
1494
1338
1364
1242
1243
1510
1328
1355
1363
1358
1402
1247
1404
1606
1249
1381
1405
1251
1252
1462
1517
1445
1256
1420
1256
1258
1515
1258
1260
1521
1260
1262
1522
1262
1264
1524
1264
1266
1526
1266
1268
1528
1268
1270
1530
1270
1272
1532
1272
1274
1534
1274
1276
1536
1276
1278
1538
1278
1280
1540
1280
1282
1542
1282
1284
1544
1284
1286
1546
1286
1288
1548
1288
1290
1550
1290
1292
1552
1292
1294
1554
1294
1296
1556
1296
1298
1558
1298
1300
1560
1300
1302
1562
1302
1304
1564
1304
1306
1566
1306
1308
1568
1308
1310
1570
1310
1312
1572
1312
1314
1574
1314
1316
1576
1316
1318
1578
1318
1320
1580
1320
1322
1582
1322
1324
1584
1324
1326
1586
1326
1329
1588
1328
1329
1511
1660
1331
1347
1505
1409
1339
1372
1423
1449
1422
1435
1337
1338
1669
1504
1382
1341
1343
1592
1343
1360
1594
1345
1422
1596
1347
1385
1598
1389
1350
1351
1601
1680
1369
1396
1354
1418
1443
1399
1367
1431
1358
1460
1609
1360
1456
1612
1362
1378
1614
1395
1379
1397
1416
1367
1368
1702
1696
1451
1611
1371
1402
1620
1401
1622
1390
1626
1600
1627
1437
1455
1377
1463
1431
1590
1380
1504
1410
1389
1496
1408
1623
1446
1604
1385
1442
1678
1391
1503
1388
1500
1441
1610
1602
1616
1397
1412
1433
1501
1413
1713
1415
1406
1516
1414
1459
1415
1416
1401
1591
1643
1649
1414
1457
1513
1417
1497
1407
1692
1409
1685
1655
1411
1634
1448
1618
1624
1652
1627
1645
1418
1668
1635
1502
1421
1492
1495
1514
1424
1665
1508
1427
1461
1427
1430
1520
1444
1591
1430
1509
1653
1664
1433
1439
1672
1435
1631
1674
1437
1519
1676
1439
1453
1683
1441
1442
1638
1849
1444
1635
1709
1446
1603
1650
1448
1449
1750
1690
1451
1605
1632
1453
1682
1693
1455
1456
1628
1695
1512
1459
1460
1706
1698
1462
1647
1518
1499
1663
1466
1701
1466
1468
1955
1468
1470
1725
1470
1472
1726
1472
1474
1728
1474
1476
1730
1476
1478
1732
1478
1480
1734
1480
1482
1736
1482
1484
1738
1484
1486
1740
1486
1488
1742
1488
1490
1744
1490
1493
1746
1492
1493
1515
1748
1608
1670
1497
1658
1629
1499
1506
1751
1597
1637
1502
1639
1631
1624
1640
1641
1506
1599
1758
1508
1509
1834
1907
1511
1593
1661
1651
1689
1607
1615
1630
1675
1656
1619
1657
1518
1519
1915
1884
1646
1654
1523
1656
1523
1525
1948
1525
1527
1768
1527
1529
1769
1529
1531
1771
1531
1533
1773
1533
1535
1775
1535
1537
1777
1537
1539
1779
1539
1541
1781
1541
1543
1783
1543
1545
1785
1545
1547
1787
1547
1549
1789
1549
1551
1791
1551
1553
1793
1553
1555
1795
1555
1557
1797
1557
1559
1799
1559
1561
1801
1561
1563
1803
1563
1565
1805
1565
1567
1807
1567
1569
1809
1569
1571
1811
1571
1573
1813
1573
1575
1815
1575
1577
1817
1577
1579
1819
1579
1581
1821
1581
1583
1823
1583
1585
1825
1585
1587
1827
1587
1589
1829
1589
1662
1831
1621
1659
1666
1593
1595
1836
1595
1613
1838
1597
1630
1875
1599
1679
1840
1601
1765
1681
1603
1711
1842
1605
1636
1843
1607
1608
1964
1936
1648
1699
1617
1686
1625
1692
1613
1695
1852
1615
1659
1921
1617
1642
1860
1619
1720
1863
1621
1718
1868
1623
1717
1705
1715
1633
1712
1655
1710
1721
1677
1722
1667
1763
1724
1756
1633
1845
1989
1641
1749
1753
1650
1754
1638
1919
1850
1673
1755
1642
1896
1671
1856
1716
1761
1688
1697
1657
1721
1647
1906
1916
1649
1858
1718
1857
1652
1855
1707
1654
1908
1910
1847
1748
1764
1686
1762
1766
1661
1662
1837
1922
1664
1887
1703
1691
1833
1719
1761
1668
2128
1891
1670
1671
1952
1925
1673
1684
1942
1675
1879
1927
1677
1885
1929
1679
1851
1930
1681
1682
1909
1932
1684
1694
1935
1705
1846
1848
1688
1689
1905
1938
1691
1883
1898
1713
1694
1934
1944
1722
1697
1704
1946
1699
1708
1950
1701
1720
1866
1703
1704
1880
1971
1901
1707
1708
1895
2098
1719
1760
1711
1903
1957
1714
1752
1714
1715
1870
1717
1878
1900
1767
1723
1835
1765
1757
1876
1888
1874
1928
1727
1956
1727
1729
2108
1729
1731
1972
1731
1733
1973
1733
1735
1975
1735
1737
1977
1737
1739
1979
1739
1741
1981
1741
1743
1983
1743
1745
1985
1745
1747
1987
1747
1871
1999
1871
1750
1926
1883
1759
1886
1881
1990
1760
1891
1844
1892
1756
1893
1879
1853
1912
1759
1841
2073
1889
1872
1763
1965
1913
1865
1873
1873
1869
1920
1859
1904
1770
1967
1770
1772
2071
1772
1774
2008
1774
1776
2009
1776
1778
2011
1778
1780
2013
1780
1782
2015
1782
1784
2017
1784
1786
2019
1786
1788
2021
1788
1790
2023
1790
1792
2025
1792
1794
2027
1794
1796
2029
1796
1798
2031
1798
1800
2033
1800
1802
2035
1802
1804
2037
1804
1806
2039
1806
1808
2041
1808
1810
2043
1810
1812
2045
1812
1814
2047
1814
1816
2049
1816
1818
2051
1818
1820
2053
1820
1822
2055
1822
1824
2057
1824
1826
2059
1826
1828
2061
1828
1830
2063
1830
1832
2065
1832
1924
2067
1834
1962
2069
1864
1867
1837
1839
1923
1839
1854
2075
1841
1931
2080
1857
1958
1844
1845
2121
2187
1847
1899
1902
1862
1937
1850
1851
2125
2166
1853
1854
2240
2113
1894
1940
1861
1941
1914
1859
1951
2089
1861
1862
2139
2192
1864
1865
2150
2145
1867
1966
2142
1869
1904
2095
1882
1896
1959
1876
1877
1909
1875
2006
1918
2082
1878
2157
2171
1992
1960
1970
1882
2109
2122
2086
1885
1917
2105
1887
2005
1960
1889
1991
1890
2007
2111
2007
1914
1995
1943
1993
1895
2123
2099
1897
1941
2097
1961
2088
1949
2091
1901
2126
1949
1903
2092
2127
2101
1939
1947
1911
2000
1908
2069
2172
1933
1911
2173
2133
1929
2003
2002
2079
2004
1916
1917
2001
2242
1919
2175
2124
1921
1996
1963
1923
1924
2076
2136
1926
1954
2087
1928
1994
2148
1969
1931
2168
2154
1933
1934
2145
2158
1945
2104
1953
2083
1965
2084
1939
1940
2169
2143
2077
1943
2104
2176
1945
2160
2181
1947
2153
2185
1959
1967
2090
1951
2100
2195
1953
1954
2162
2322
1956
1966
2093
1958
2135
2330
1997
2130
1962
2112
2333
1964
2119
2083
2078
2070
1968
1998
2072
2105
2161
1971
2106
2153
1974
2107
1974
1976
2245
1976
1978
2215
1978
1980
2216
1980
1982
2218
1982
1984
2220
1984
1986
2222
1986
1988
2224
1988
2199
2226
1990
2188
2347
2115
2117
1993
1994
2116
2232
2120
2189
2096
2118
1998
1999
2214
2199
2001
2110
2324
2085
2128
2132
2236
2197
2239
2074
2129
2149
2174
2202
2010
2140
2010
2012
2244
2012
2014
2248
2014
2016
2250
2016
2018
2252
2018
2020
2254
2020
2022
2256
2022
2024
2258
2024
2026
2260
2026
2028
2262
2028
2030
2264
2030
2032
2266
2032
2034
2268
2034
2036
2270
2036
2038
2272
2038
2040
2274
2040
2042
2276
2042
2044
2278
2044
2046
2280
2046
2048
2282
2048
2050
2284
2050
2052
2286
2052
2054
2288
2054
2056
2290
2056
2058
2292
2058
2060
2294
2060
2062
2296
2062
2064
2298
2064
2066
2300
2066
2068
2302
2068
2138
2304
2247
2094
2141
2072
2140
2337
2074
2081
2307
2076
2114
2137
2146
2201
2079
2147
2183
2081
2155
2315
2115
2156
2204
2163
2194
2184
2206
2087
2088
2321
2164
2102
2196
2179
2180
2092
2191
2317
2094
2190
2327
2096
2103
2329
2122
2200
2099
2100
2230
2426
2102
2103
2361
2340
2131
2235
2203
2208
2108
2210
2190
2211
2347
2134
2331
2117
2207
2165
2366
2114
2611
2479
2241
2178
2231
2233
2119
2421
2228
2121
2803
2354
2212
2144
2229
2125
2461
2167
2171
2180
2135
2318
2202
2130
2311
2203
2177
2182
2161
2238
2134
2401
2357
2213
2137
2138
2479
2575
2146
2193
2378
2142
2306
2151
2144
2170
2380
2152
2320
2163
2313
2149
2348
2387
2151
2152
2371
2159
2209
2155
2567
2393
2157
2702
2309
2159
2160
2373
2359
2234
2322
2395
2319
2165
2323
2398
2167
2168
2453
2552
2170
2186
2374
2308
2173
2339
2400
2175
2539
2526
2177
2178
2379
2402
2191
2237
2310
2182
2359
2406
2184
2314
2408
2186
2399
2410
2188
2354
2605
2198
2325
2412
2334
2193
2194
2367
2414
2196
2427
2385
2198
2360
2418
2214
2201
2417
2422
2205
2243
2228
2395
2206
2207
2396
2369
2209
2376
2399
2246
2430
2212
2342
2416
2389
2566
2336
2217
2344
2217
2219
2469
2219
2221
2441
2221
2223
2442
2223
2225
2444
2225
2227
2446
2227
2338
2448
2345
2230
2353
2454
2232
2343
2348
2349
2428
2346
2351
2242
2351
2240
2358
2363
2368
2364
2415
2326
2330
2611
2350
2475
2324
2312
2375
2249
2404
2246
2344
2556
2333
2339
2249
2251
2553
2251
2253
2480
2253
2255
2481
2255
2257
2483
2257
2259
2485
2259
2261
2487
2261
2263
2489
2263
2265
2623
2265
2267
2883
2267
2269
2624
2269
2271
2492
2271
2273
2493
2273
2275
2495
2275
2277
2497
2277
2279
2499
2279
2281
2501
2281
2283
2503
2283
2285
2505
2285
2287
2507
2287
2289
2509
2289
2291
2511
2291
2293
2513
2293
2295
2515
2295
2297
2517
2297
2299
2519
2299
2301
2521
2301
2303
2523
2303
2305
2627
2305
2431
2525
2328
2372
2316
2390
2309
2310
2537
2363
2312
2390
2542
2314
2356
2635
2316
2394
2540
2318
2335
2388
2365
2392
2384
2423
2322
2323
2563
2332
2370
2405
2360
2560
2328
2413
2558
2341
2420
2566
2332
2425
2460
2352
2335
2355
2570
2337
2338
2383
2449
2462
2341
2362
2614
2377
2434
2403
2473
2437
2439
2478
2364
2440
2429
2472
2350
2591
2584
2460
2366
2457
2382
2455
2670
2368
2459
2392
2451
2424
2589
2391
2415
2464
2543
2362
2386
2599
2435
2544
2414
2467
2433
2384
2468
2471
2397
2428
2419
2466
2372
2373
2593
2464
2381
2411
2376
2597
2547
2429
2476
2383
2404
2407
2536
2381
2382
2619
2617
2458
2465
2386
2656
2630
2474
2538
2389
2572
2813
2549
2431
2559
2541
2394
2681
2638
2563
2397
2409
2545
2432
2564
2546
2401
2532
2643
2403
2536
2644
2436
2477
2803
2407
2594
2647
2409
2694
2633
2411
2548
2649
2413
2430
2561
2468
2438
2417
2595
2652
2419
2601
2812
2421
2606
2478
2423
2657
2653
2425
2642
2621
2427
2454
2655
2463
2605
2452
2575
2433
2529
2637
2595
2610
2537
2577
2555
2581
2470
2574
2559
2576
2527
2564
2530
2651
2443
2639
2443
2445
2756
2445
2447
2666
2447
2450
2667
2449
2450
2458
2669
2774
2815
2557
2580
2531
2569
2456
2456
2608
2673
2462
2583
2581
2571
2579
2530
2526
2531
2532
2586
2590
2592
2534
2654
2598
2612
2535
2607
2533
2470
2639
2696
2578
2602
2473
2474
2603
2588
2565
2702
2477
2609
2612
2528
2695
2482
2554
2482
2484
2706
2484
2486
2709
2486
2488
2754
2488
2490
2710
2490
2847
2857
2622
2812
2883
2494
2613
2494
2496
2704
2496
2498
2714
2498
2500
2716
2500
2502
2718
2502
2504
2720
2504
2506
2722
2506
2508
2724
2508
2510
2726
2510
2512
2728
2512
2514
2730
2514
2516
2732
2516
2518
2734
2518
2520
2736
2520
2522
2738
2522
2524
2740
2524
2660
2742
2559
2625
2628
2528
2529
2699
2818
2621
2945
2582
2534
2535
2744
2638
2600
2748
2539
2573
2632
2550
2629
2607
2810
2551
2596
2601
2634
2576
2640
2586
2641
2547
2548
2786
2795
2550
2551
2751
2854
2567
2569
2554
2555
2793
2691
2557
2574
2707
2562
2636
2568
2896
2562
2580
2765
2564
2585
2672
2896
2663
2634
2661
2713
2571
2572
2746
2753
2633
2694
2662
2695
2626
2578
2747
2772
2602
2664
2665
2669
2587
2671
2587
2637
2585
2780
2833
2698
2679
2604
2641
2643
2658
2591
2782
2779
2593
2594
2636
2683
2764
2597
2817
2785
2686
2703
2615
2631
2645
2648
2622
2770
2604
2646
2698
2670
2616
2699
2681
2618
2700
2610
2776
2790
2695
2674
2624
2687
2615
2616
2799
2794
2618
2620
2797
2620
2650
2801
2676
2623
2847
2829
2626
2627
2705
2660
2632
2947
2638
2744
2631
2828
2808
2689
2641
2804
2689
2815
2684
2762
2682
2651
2759
2659
2675
2671
2645
2646
2842
2771
2648
2685
2784
2650
2796
2820
2755
2657
2768
2654
2826
2750
2656
2673
2827
2769
2659
2678
2831
2745
2711
2712
2697
2781
2681
2810
2752
2773
2708
2766
2668
2775
2668
2692
2916
2690
2803
2677
2693
2761
2701
2688
2776
2676
2778
2755
2678
2680
2839
2680
2763
2843
2757
2791
2684
2685
2767
2845
2687
2688
2704
2841
2694
2691
2692
2915
2912
2747
2748
2697
2791
2895
2771
2825
2701
2824
2851
2748
2812
2829
2715
2745
2760
2792
2798
2708
2781
2849
2758
2798
2712
2857
2746
2753
2754
2774
2810
2715
2717
2841
2717
2719
2921
2719
2721
2858
2721
2723
2859
2723
2725
2861
2725
2727
2863
2727
2729
2865
2729
2731
2867
2731
2733
2869
2733
2735
2871
2735
2737
2873
2737
2739
2875
2739
2741
2877
2741
2743
2879
2743
2811
2881
2749
2811
2752
2787
2750
2751
2926
2856
2758
2813
2758
2805
2757
2775
2884
2760
2807
2836
2788
2834
2763
2818
2885
2768
2814
2766
2767
2922
2845
2783
2819
2826
2816
2830
2782
2789
2830
2798
2816
2945
2848
2777
2891
2899
2806
2832
2780
2882
2948
2905
2842
2819
2898
2838
2846
2786
2889
2908
2788
2789
2903
2902
2814
2891
2850
2793
2900
2915
2800
2822
2796
2908
2913
2802
2823
2800
2809
2893
2802
2821
2855
2847
2857
2806
2807
2934
2920
2809
2936
2906
2837
2896
2892
2947
3047
2835
2888
2825
2897
2821
2914
2932
2825
2886
2824
2918
2930
2890
2828
2851
2935
2883
2853
2832
2840
2939
2834
2852
2943
2854
2901
2837
2923
2881
2842
2882
2840
2844
2981
2899
2844
2887
2951
2846
2922
2853
2902
2910
2990
2903
2943
2931
2946
2948
2916
2856
2917
2933
2919
2860
2925
2860
2862
2952
2862
2864
2953
2864
2866
2954
2866
2868
2956
2868
2870
2958
2870
2872
2960
2872
2874
2962
2874
2876
2964
2876
2878
2966
2878
2880
2968
2880
2909
2970
2909
2910
2902
2903
2886
2887
2894
2972
2889
2942
2979
2911
2926
2927
2898
2904
2894
2907
2973
2943
2946
2911
2937
2938
2921
2949
3047
2924
2941
2929
2978
2946
2990
2907
3000
2987
2980
2993
2922
2944
2949
3043
2914
2989
2985
2949
3043
2918
2998
2991
2924
2926
2923
2950
2925
2994
2944
2928
2928
2929
2952
3003
2931
2992
3007
2933
2986
3001
2940
2950
2936
3007
2999
2938
2976
3008
2940
2983
3009
2942
2977
3011
2975
2947
2990
2984
2974
2982
2997
2955
2997
2955
2957
3015
2957
2959
3023
2959
2961
3025
2961
2963
3027
2963
2965
3029
2965
2967
3031
2967
2969
3033
2969
2971
3035
2971
2995
3037
2973
2974
2988
3040
2976
2977
3006
3044
3005
3014
2980
3012
2989
2982
2983
3042
3063
2996
3010
2986
3018
3066
2988
3057
3041
3017
2992
3020
3050
2994
2995
2996
3022
3021
3004
3002
3019
3000
3051
3056
3002
3067
3059
3004
3005
3016
3060
3013
3045
3049
3013
3014
3010
3064
3055
3012
3046
3058
3048
3052
3016
3024
3061
3018
3058
3070
3020
3069
3076
3022
3055
3038
3024
3026
3079
3026
3028
3081
3028
3030
3083
3030
3032
3085
3032
3034
3087
3034
3036
3089
3036
3039
3091
3038
3039
3095
3101
3041
3042
3100
3103
3047
3045
3046
3054
3074
3053
3065
3050
3051
3077
3105
3053
3062
3078
3065
3093
3072
3057
3107
3097
3073
3068
3114
3061
3062
3080
3102
3064
3103
3111
3099
3067
3071
3115
3069
3094
3112
3071
3075
3121
3095
3111
3074
3075
3093
3110
3077
3113
3106
3098
3104
3080
3082
3102
3082
3084
3124
3084
3086
3125
3086
3088
3142
3088
3090
3126
3090
3092
3127
3092
3101
3128
3108
3096
3130
3117
3116
3118
3100
3135
3099
3119
3109
3120
3117
3104
3120
3124
3106
3107
3149
3145
3109
3110
3153
3122
3156
3113
3131
3150
3115
3116
3123
3138
3132
3134
3144
3141
3154
3136
3122
3123
3155
3137
3141
3140
3146
3139
3147
3129
3139
3129
3133
3160
3131
3143
3166
3133
3157
3168
3139
3143
3145
3152
3152
3156
3138
3159
3148
3141
3161
3146
3147
3160
3147
3148
3151
3158
3158
3150
3151
3169
3163
3162
3154
3155
3165
3159
3157
3164
3161
3165
3167
3165
3163
3164
3167
3169
3168
)


// ************************************************************************* //
