/*--------------------------------*- C++ -*----------------------------------*\
  =========                 |
  \\      /  F ield         | OpenFOAM: The Open Source CFD Toolbox
   \\    /   O peration     | Website:  https://openfoam.org
    \\  /    A nd           | Version:  11
     \\/     M anipulation  |
\*---------------------------------------------------------------------------*/
FoamFile
{
    format      ascii;
    class       vectorField;
    location    "constant/polyMesh";
    object      points;
}
// * * * * * * * * * * * * * * * * * * * * * * * * * * * * * * * * * * * * * //


3328
(
(-0.5 0 0)
(45 20 0)
(45 -20 0)
(-25 20 0)
(-25 -20 0)
(-25 -18.5185 0)
(-25 -17.037 0)
(-25 -15.5556 0)
(-25 -14.0741 0)
(-25 -12.5926 0)
(-25 -11.1111 0)
(-25 -9.62963 0)
(-25 -8.14815 0)
(-25 -6.66667 0)
(-25 -5.18519 0)
(-25 -3.7037 0)
(-25 -2.22222 0)
(-25 -0.740741 0)
(-25 0.740741 0)
(-25 2.22222 0)
(-25 3.7037 0)
(-25 5.18519 0)
(-25 6.66667 0)
(-25 8.14815 0)
(-25 9.62963 0)
(-25 11.1111 0)
(-25 12.5926 0)
(-25 14.0741 0)
(-25 15.5556 0)
(-25 17.037 0)
(-25 18.5185 0)
(-23.5106 -20 0)
(-22.0213 -20 0)
(-20.5319 -20 0)
(-19.0426 -20 0)
(-17.5532 -20 0)
(-16.0638 -20 0)
(-14.5745 -20 0)
(-13.0851 -20 0)
(-11.5957 -20 0)
(-10.1064 -20 0)
(-8.61702 -20 0)
(-7.12766 -20 0)
(-5.6383 -20 0)
(-4.14894 -20 0)
(-2.65957 -20 0)
(-1.17021 -20 0)
(0.319149 -20 0)
(1.80851 -20 0)
(3.29787 -20 0)
(4.78723 -20 0)
(6.2766 -20 0)
(7.76596 -20 0)
(9.25532 -20 0)
(10.7447 -20 0)
(12.234 -20 0)
(13.7234 -20 0)
(15.2128 -20 0)
(16.7021 -20 0)
(18.1915 -20 0)
(19.6809 -20 0)
(21.1702 -20 0)
(22.6596 -20 0)
(24.1489 -20 0)
(25.6383 -20 0)
(27.1277 -20 0)
(28.617 -20 0)
(30.1064 -20 0)
(31.5957 -20 0)
(33.0851 -20 0)
(34.5745 -20 0)
(36.0638 -20 0)
(37.5532 -20 0)
(39.0426 -20 0)
(40.5319 -20 0)
(42.0213 -20 0)
(43.5106 -20 0)
(-23.5106 20 0)
(-22.0213 20 0)
(-20.5319 20 0)
(-19.0426 20 0)
(-17.5532 20 0)
(-16.0638 20 0)
(-14.5745 20 0)
(-13.0851 20 0)
(-11.5957 20 0)
(-10.1064 20 0)
(-8.61702 20 0)
(-7.12766 20 0)
(-5.6383 20 0)
(-4.14894 20 0)
(-2.65957 20 0)
(-1.17021 20 0)
(0.319149 20 0)
(1.80851 20 0)
(3.29787 20 0)
(4.78723 20 0)
(6.2766 20 0)
(7.76596 20 0)
(9.25532 20 0)
(10.7447 20 0)
(12.234 20 0)
(13.7234 20 0)
(15.2128 20 0)
(16.7021 20 0)
(18.1915 20 0)
(19.6809 20 0)
(21.1702 20 0)
(22.6596 20 0)
(24.1489 20 0)
(25.6383 20 0)
(27.1277 20 0)
(28.617 20 0)
(30.1064 20 0)
(31.5957 20 0)
(33.0851 20 0)
(34.5745 20 0)
(36.0638 20 0)
(37.5532 20 0)
(39.0426 20 0)
(40.5319 20 0)
(42.0213 20 0)
(43.5106 20 0)
(45 -18.5185 0)
(45 -17.037 0)
(45 -15.5556 0)
(45 -14.0741 0)
(45 -12.5926 0)
(45 -11.1111 0)
(45 -9.62963 0)
(45 -8.14815 0)
(45 -6.66667 0)
(45 -5.18519 0)
(45 -3.7037 0)
(45 -2.22222 0)
(45 -0.740741 0)
(45 0.740741 0)
(45 2.22222 0)
(45 3.7037 0)
(45 5.18519 0)
(45 6.66667 0)
(45 8.14815 0)
(45 9.62963 0)
(45 11.1111 0)
(45 12.5926 0)
(45 14.0741 0)
(45 15.5556 0)
(45 17.037 0)
(45 18.5185 0)
(-0.402049 0.297248 0)
(-0.15953 0.473867 0)
(0.141195 0.47965 0)
(0.393759 0.308145 0)
(0.499751 0.0157648 0)
(0.405284 -0.292822 0)
(0.161908 -0.47306 0)
(-0.141175 -0.479656 0)
(-0.400126 -0.299832 0)
(-23.6811 -17.939 0)
(-23.6349 -16.3573 0)
(-23.7036 -14.8064 0)
(-23.733 -13.298 0)
(-23.7321 -11.8152 0)
(-23.7228 -10.3424 0)
(-23.7134 -8.87159 0)
(-23.7071 -7.39866 0)
(-23.7036 -5.92234 0)
(-23.7019 -4.44321 0)
(-23.701 -2.96247 0)
(-23.7004 -1.48113 0)
(-23.6998 0.00025684 0)
(-23.6993 1.48145 0)
(-23.6991 2.96232 0)
(-23.6993 4.44267 0)
(-23.7001 5.92202 0)
(-23.7019 7.3994 0)
(-23.7054 8.87299 0)
(-23.7125 10.3399 0)
(-23.7255 11.7961 0)
(-23.7454 13.2376 0)
(-23.7654 14.6606 0)
(-23.7785 16.0568 0)
(-23.7474 17.4252 0)
(-23.6608 18.74 0)
(-22.5385 -18.7354 0)
(-19.7316 -18.6878 0)
(-16.7609 -18.7045 0)
(-13.8059 -18.6963 0)
(-10.8445 -18.6988 0)
(-7.87154 -18.7034 0)
(-4.89508 -18.7054 0)
(-1.9174 -18.708 0)
(1.06212 -18.7087 0)
(4.04204 -18.7052 0)
(7.02078 -18.7008 0)
(9.99913 -18.6991 0)
(12.9781 -18.6998 0)
(15.9572 -18.7006 0)
(18.9361 -18.7009 0)
(21.9151 -18.7008 0)
(24.8942 -18.7002 0)
(27.8738 -18.6983 0)
(30.8555 -18.6923 0)
(33.842 -18.6739 0)
(36.822 -18.6552 0)
(39.7584 -18.7021 0)
(42.6228 -18.6801 0)
(43.9195 -18.5797 0)
(-22.2356 18.8649 0)
(-20.7559 18.9018 0)
(-19.2801 18.9005 0)
(-17.7916 18.9515 0)
(-16.2967 18.9689 0)
(-14.8082 18.9639 0)
(-13.3226 18.959 0)
(-11.8348 18.9591 0)
(-10.3444 18.961 0)
(-8.85346 18.9624 0)
(-7.3631 18.9629 0)
(-5.87335 18.9629 0)
(-4.38371 18.9627 0)
(-2.89389 18.9622 0)
(-1.40407 18.9614 0)
(0.0854223 18.9606 0)
(1.57442 18.9602 0)
(3.06315 18.9607 0)
(4.55201 18.9617 0)
(6.0412 18.9629 0)
(7.53064 18.9637 0)
(9.0201 18.9641 0)
(10.5095 18.9642 0)
(11.9987 18.9641 0)
(13.488 18.9641 0)
(14.9774 18.9642 0)
(16.4667 18.9643 0)
(17.9561 18.9643 0)
(19.4454 18.9643 0)
(20.9346 18.9644 0)
(22.4237 18.9644 0)
(23.9125 18.9644 0)
(25.4008 18.9645 0)
(26.8883 18.9649 0)
(28.3745 18.9657 0)
(29.8593 18.967 0)
(31.3428 18.9684 0)
(32.826 18.9684 0)
(34.3091 18.9647 0)
(35.7888 18.9562 0)
(37.2566 18.9473 0)
(38.7138 18.9361 0)
(40.1507 18.9195 0)
(41.5367 18.9505 0)
(43.035 18.8945 0)
(43.8762 -16.1434 0)
(43.6774 -13.3745 0)
(43.6825 -10.3897 0)
(43.6932 -7.41066 0)
(43.6954 -4.44187 0)
(43.6937 -1.47696 0)
(43.6934 1.48677 0)
(43.705 4.44435 0)
(43.7363 7.39639 0)
(43.7477 10.3562 0)
(43.6995 13.3167 0)
(43.6511 16.203 0)
(-0.763335 0.173392 0)
(-0.420883 0.661701 0)
(-0.079335 0.789893 0)
(0.50773 0.627519 0)
(0.732316 0.315096 0)
(0.737561 -0.305593 0)
(0.518531 -0.607828 0)
(-0.0381058 -0.81388 0)
(-0.417612 -0.69579 0)
(-0.75797 -0.180784 0)
(-18.2431 -18.7042 0)
(-21.2037 -18.6553 0)
(-15.2837 -18.7006 0)
(-12.3277 -18.6962 0)
(-9.35863 -18.7016 0)
(-6.38353 -18.7045 0)
(-3.40658 -18.7069 0)
(-0.428032 -18.7091 0)
(2.5521 -18.7075 0)
(5.53153 -18.7028 0)
(8.50983 -18.6994 0)
(11.4885 -18.6992 0)
(14.4676 -18.7002 0)
(17.4466 -18.7008 0)
(20.4256 -18.7009 0)
(23.4046 -18.7006 0)
(26.3838 -18.6996 0)
(29.364 -18.6964 0)
(32.3481 -18.6854 0)
(35.3341 -18.6621 0)
(38.2973 -18.6671 0)
(41.2133 -18.7142 0)
(43.6891 -8.89867 0)
(43.6749 -11.8852 0)
(43.7139 -14.8358 0)
(43.6951 -5.92517 0)
(43.6948 -2.95931 0)
(43.6927 0.00564301 0)
(43.6967 2.9666 0)
(43.7195 5.92027 0)
(43.7484 8.87481 0)
(43.7312 11.8381 0)
(43.6675 14.7799 0)
(43.6062 17.5866 0)
(43.2918 -17.3211 0)
(0.934615 0.00353764 0)
(-13.0504 -17.3861 0)
(-22.1294 -17.2123 0)
(-22.3778 -15.5125 0)
(-22.4717 -13.979 0)
(-22.4737 -12.5051 0)
(-22.4535 -11.0458 0)
(-22.4315 -9.58881 0)
(-22.4161 -8.12718 0)
(-22.408 -6.65807 0)
(-22.4044 -5.18244 0)
(-22.4027 -3.70285 0)
(-22.4015 -2.22163 0)
(-22.4002 -0.740131 0)
(-22.3988 0.741129 0)
(-22.3979 2.22195 0)
(-22.3976 3.70214 0)
(-22.3982 5.18125 0)
(-22.4001 6.65823 0)
(-22.4038 8.13087 0)
(-22.4111 9.59508 0)
(-22.4264 11.0443 0)
(-22.4552 12.4698 0)
(-22.4978 13.8625 0)
(-22.5271 15.2157 0)
(-22.5491 16.4994 0)
(-22.4386 17.723 0)
(-17.4442 -17.4099 0)
(42.3904 -6.6659 0)
(-10.0978 -17.4003 0)
(-14.517 -17.3904 0)
(-7.12725 -17.4077 0)
(-4.15281 -17.4121 0)
(-1.17581 -17.4179 0)
(1.80495 -17.4175 0)
(4.78557 -17.4082 0)
(7.76393 -17.3994 0)
(10.7426 -17.3978 0)
(13.7223 -17.4 0)
(16.7018 -17.4015 0)
(19.6809 -17.402 0)
(22.66 -17.4015 0)
(25.6395 -17.3999 0)
(28.6196 -17.3955 0)
(31.6038 -17.3812 0)
(34.6007 -17.3358 0)
(37.5911 -17.3008 0)
(40.4691 -17.4509 0)
(41.9029 -17.4157 0)
(42.3906 -3.6971 0)
(42.3958 3.71422 0)
(-15.977 -17.404 0)
(42.3643 -14.2197 0)
(-20.9908 17.8216 0)
(-19.5194 17.7533 0)
(-18.0287 17.8976 0)
(-16.5359 17.9417 0)
(-15.0564 17.9277 0)
(-13.5776 17.9154 0)
(-12.0908 17.9158 0)
(-10.5986 17.9203 0)
(-9.10545 17.9234 0)
(-7.614 17.9244 0)
(-6.12403 17.9244 0)
(-4.63435 17.9241 0)
(-3.14418 17.9233 0)
(-1.65371 17.9217 0)
(-0.163692 17.9198 0)
(1.32533 17.9185 0)
(2.8136 17.919 0)
(4.30191 17.9211 0)
(5.79082 17.9238 0)
(7.28024 17.9258 0)
(8.76973 17.9267 0)
(10.259 17.9269 0)
(11.7482 17.9268 0)
(13.2374 17.9268 0)
(14.7267 17.9269 0)
(16.216 17.9271 0)
(17.7054 17.9272 0)
(19.1947 17.9272 0)
(20.6839 17.9272 0)
(22.1728 17.9272 0)
(23.6614 17.9271 0)
(25.1491 17.9272 0)
(26.6354 17.9275 0)
(28.1193 17.9284 0)
(29.6 17.9305 0)
(31.0773 17.9335 0)
(32.5525 17.9355 0)
(34.0278 17.9311 0)
(35.5019 17.9142 0)
(36.9629 17.8869 0)
(38.3808 17.8781 0)
(39.8065 17.8236 0)
(41.1392 17.768 0)
(42.3465 17.9944 0)
(42.4802 -15.872 0)
(-18.9177 -17.4114 0)
(42.3858 -8.15572 0)
(42.3846 0.753925 0)
(42.3607 -11.1602 0)
(42.3438 -12.683 0)
(42.3854 -0.729069 0)
(42.3911 -5.18073 0)
(42.3868 2.23552 0)
(42.3886 -2.21382 0)
(42.4547 6.65588 0)
(42.5088 9.59646 0)
(42.4399 12.5565 0)
(42.281 15.491 0)
(42.2963 16.8278 0)
(-20.4379 -17.3628 0)
(-1.06134 0.00855128 0)
(-8.61345 -17.4054 0)
(42.3758 -9.65413 0)
(-0.773864 0.553004 0)
(-0.358049 1.02905 0)
(0.280619 0.937129 0)
(0.926151 0.698007 0)
(0.890664 -0.648492 0)
(0.309813 -0.939888 0)
(-0.320134 -1.09258 0)
(-0.791106 -0.563933 0)
(3.29553 -17.4135 0)
(-11.5781 -17.3921 0)
(0.313992 -17.4193 0)
(-2.66485 -17.4153 0)
(-5.64028 -17.4099 0)
(6.27465 -17.4031 0)
(9.25296 -17.3977 0)
(12.2324 -17.3988 0)
(15.212 -17.4008 0)
(18.1913 -17.4018 0)
(21.1704 -17.4019 0)
(24.1496 -17.401 0)
(27.1292 -17.3985 0)
(30.1107 -17.3905 0)
(33.1012 -17.3624 0)
(36.0999 -17.3088 0)
(39.0543 -17.345 0)
(42.4188 5.18816 0)
(-1.15905 0.370224 0)
(42.3572 14.0381 0)
(42.4907 8.12486 0)
(42.4926 11.0716 0)
(0.703063 1.07369 0)
(-0.0477292 1.24492 0)
(-0.735748 0.976141 0)
(1.16506 -0.390267 0)
(-1.15291 -0.351699 0)
(-0.761311 -1.04091 0)
(0.0289721 -1.28907 0)
(0.757259 -1.0145 0)
(1.1594 0.327219 0)
(2.54685 -16.1268 0)
(21.9153 -16.1028 0)
(-21.2308 -13.1634 0)
(-21.199 -11.7358 0)
(-21.1587 -10.2994 0)
(-21.1282 -8.85262 0)
(-21.1133 -7.3927 0)
(-21.1074 -5.92164 0)
(-21.1051 -4.44356 0)
(-21.1034 -2.96243 0)
(-21.1012 -1.48061 0)
(-21.0986 0.000949056 0)
(-21.0962 1.482 0)
(-21.0947 2.96239 0)
(-21.0947 4.44188 0)
(-21.0963 5.91985 0)
(-21.0996 7.39467 0)
(-21.1054 8.86285 0)
(-21.1169 10.3178 0)
(-21.1428 11.7484 0)
(-21.1954 13.1403 0)
(-21.2784 14.4765 0)
(-21.2783 15.7631 0)
(-21.3843 16.8672 0)
(41.0779 -8.90248 0)
(-6.38404 -16.1137 0)
(-0.435495 -16.1317 0)
(1.05496 -16.1325 0)
(-1.92523 -16.1279 0)
(-10.8305 -16.0939 0)
(-3.41295 -16.1224 0)
(40.9855 -13.5042 0)
(41.2299 11.7582 0)
(5.52696 -16.1083 0)
(8.50564 -16.0955 0)
(11.4858 -16.0964 0)
(14.4667 -16.1005 0)
(17.4465 -16.1026 0)
(20.4257 -16.103 0)
(24.895 -16.1007 0)
(29.3643 -16.0905 0)
(32.3504 -16.0636 0)
(35.3699 -15.9732 0)
(41.0997 4.4733 0)
(-13.7646 -16.0651 0)
(-18.2711 16.8359 0)
(-16.8021 16.9183 0)
(-15.3521 16.8815 0)
(-13.8873 16.8562 0)
(-12.4002 16.8587 0)
(-10.9035 16.8672 0)
(-9.40659 16.8725 0)
(-7.91337 16.874 0)
(-6.42317 16.874 0)
(-4.93378 16.8739 0)
(-3.4435 16.8731 0)
(-1.95215 16.8708 0)
(-0.460964 16.8669 0)
(1.02864 16.8635 0)
(2.5166 16.8633 0)
(4.00424 16.8667 0)
(5.49274 16.8717 0)
(6.98211 16.8758 0)
(8.47161 16.8777 0)
(9.96077 16.878 0)
(11.4497 16.8778 0)
(12.9386 16.8778 0)
(14.4278 16.878 0)
(15.9171 16.8783 0)
(17.4065 16.8785 0)
(18.8959 16.8786 0)
(20.385 16.8786 0)
(21.874 16.8785 0)
(23.3624 16.8783 0)
(24.8497 16.8781 0)
(26.3353 16.8779 0)
(27.8175 16.8782 0)
(29.2945 16.8801 0)
(30.7647 16.8843 0)
(32.2288 16.8898 0)
(33.6908 16.89 0)
(35.156 16.871 0)
(36.6217 16.8218 0)
(38.0654 16.7576 0)
(39.3186 16.832 0)
(-18.1065 -16.1097 0)
(41.22 7.38947 0)
(-21.008 -16.0217 0)
(41.0741 0.0230681 0)
(41.1466 5.93908 0)
(41.2832 10.2949 0)
(41.2808 8.84077 0)
(40.9386 14.7986 0)
(41.1199 13.2581 0)
(39.8795 -16.0514 0)
(-12.3047 -16.0749 0)
(27.8744 -16.096 0)
(41.0443 -15.0098 0)
(38.4163 -15.9248 0)
(41.0603 -10.4142 0)
(40.7541 16.3978 0)
(-4.89868 -16.1169 0)
(4.03734 -16.1183 0)
(41.0862 -5.91881 0)
(9.99545 -16.0948 0)
(-9.35151 -16.1064 0)
(-0.43861 -1.54658 0)
(7.01583 -16.0998 0)
(41.0345 -11.9458 0)
(12.9762 -16.0984 0)
(15.9567 -16.1018 0)
(18.9361 -16.103 0)
(26.3848 -16.0987 0)
(-1.28957 -0.891536 0)
(23.4051 -16.102 0)
(1.42627 -0.033924 0)
(30.8553 -16.0816 0)
(33.8542 -16.0283 0)
(36.8887 -15.9344 0)
(41.0832 -2.95079 0)
(-16.6467 -16.1216 0)
(41.1657 -16.3406 0)
(-21.2391 -14.5757 0)
(41.0849 -7.40748 0)
(41.0775 -1.46343 0)
(-1.19058 0.836149 0)
(-1.46919 0.0375806 0)
(41.0732 1.50909 0)
(41.0855 -4.43451 0)
(-19.5301 -16.1531 0)
(1.21178 1.11505 0)
(0.382827 1.465 0)
(-7.86895 -16.1112 0)
(41.0785 2.99271 0)
(1.24769 -0.890641 0)
(-0.509736 1.41324 0)
(0.512362 -1.46554 0)
(-15.2082 -16.0838 0)
(1.35747 0.692582 0)
(27.1302 -14.7957 0)
(-19.9012 -11.0116 0)
(-19.8453 -9.58197 0)
(-19.82 -8.13061 0)
(-19.8109 -6.6631 0)
(-19.8085 -5.1857 0)
(-19.8067 -3.70408 0)
(-19.8035 -2.2216 0)
(-19.7992 -0.739499 0)
(-19.7945 0.742004 0)
(-19.7906 2.22282 0)
(-19.7887 3.70279 0)
(-19.7898 5.18173 0)
(-19.7935 6.65912 0)
(-19.7992 8.13276 0)
(-19.8072 9.59841 0)
(-19.8226 11.0476 0)
(-19.8655 12.4654 0)
(-19.9644 13.8352 0)
(-20.1647 15.096 0)
(-19.7947 16.4069 0)
(7.75395 -14.7914 0)
(19.6808 -14.8043 0)
(-2.67601 -14.8381 0)
(-1.08799 -1.54121 0)
(6.26474 -14.8022 0)
(0.921121 1.59369 0)
(39.9667 12.3868 0)
(39.7804 -6.65728 0)
(13.7208 -14.7989 0)
(16.7014 -14.8029 0)
(25.6406 -14.7994 0)
(-1.63488 -0.413313 0)
(37.7049 -14.558 0)
(1.689 -0.521864 0)
(18.1912 -14.8039 0)
(24.1506 -14.8017 0)
(30.1061 -14.7822 0)
(33.0879 -14.7399 0)
(12.2291 -14.7948 0)
(39.7425 -11.1806 0)
(-18.3487 15.7825 0)
(-17.1052 15.9102 0)
(-15.7342 15.8172 0)
(-14.2927 15.7655 0)
(-12.797 15.7757 0)
(-11.2899 15.791 0)
(-9.78632 15.7996 0)
(-8.29017 15.8013 0)
(-6.79956 15.8008 0)
(-5.31102 15.801 0)
(-3.82135 15.8012 0)
(-2.32918 15.7988 0)
(-0.83593 15.7922 0)
(0.655442 15.7845 0)
(2.14368 15.7813 0)
(3.6306 15.7857 0)
(5.1186 15.7947 0)
(6.60795 15.8027 0)
(8.09742 15.8067 0)
(9.58619 15.8074 0)
(11.0745 15.807 0)
(12.5629 15.8068 0)
(14.0519 15.8071 0)
(15.5412 15.8077 0)
(17.0307 15.8082 0)
(18.52 15.8084 0)
(20.0093 15.8085 0)
(21.4981 15.8083 0)
(22.9864 15.8079 0)
(24.4736 15.8072 0)
(25.9586 15.8062 0)
(27.4397 15.8052 0)
(28.9138 15.8051 0)
(30.3774 15.8083 0)
(31.8279 15.8167 0)
(33.2682 15.8267 0)
(34.7096 15.82 0)
(36.1679 15.7674 0)
(37.6285 15.6415 0)
(4.7755 -14.819 0)
(-5.64366 -14.8217 0)
(-1.05632 1.38928 0)
(-1.66119 0.516115 0)
(39.7819 -8.14708 0)
(-0.10577 1.79825 0)
(36.1567 -14.5617 0)
(40.0542 10.9242 0)
(40.1114 9.52267 0)
(-4.16008 -14.8277 0)
(3.28523 -14.8366 0)
(39.709 -12.7269 0)
(1.17438 -1.49392 0)
(39.4631 -14.4569 0)
(0.0565705 -1.92319 0)
(39.7708 -9.65412 0)
(10.7377 -14.7913 0)
(22.6604 -14.8034 0)
(40.054 8.11112 0)
(28.6187 -14.791 0)
(21.1705 -14.8041 0)
(39.2984 15.4957 0)
(0.475957 2.15031 0)
(0.819913 -2.15391 0)
(-18.7872 -14.7176 0)
(39.769 -2.19973 0)
(-0.722097 1.93754 0)
(15.2112 -14.8011 0)
(0.30158 -14.8534 0)
(9.24541 -14.7886 0)
(-0.67327 -2.31206 0)
(1.60326 1.55968 0)
(39.7778 -5.17129 0)
(1.79387 -14.8491 0)
(39.7598 13.899 0)
(-1.18865 -14.848 0)
(1.98321 -0.0604051 0)
(-19.9717 -12.4181 0)
(-10.0821 -14.8059 0)
(1.86945 -1.21213 0)
(-2.11039 -0.0161689 0)
(-1.7962 -1.48144 0)
(31.5937 -14.7688 0)
(-20.0978 -15.0543 0)
(-17.2839 -14.8893 0)
(39.7569 0.785751 0)
(-1.70548 1.19483 0)
(34.6059 -14.6728 0)
(39.7612 -0.706575 0)
(1.64584 0.364655 0)
(39.7753 -3.68764 0)
(39.8115 5.25762 0)
(-11.5585 -14.7782 0)
(-7.12673 -14.8187 0)
(39.7687 3.77053 0)
(-13.0274 -14.7338 0)
(-14.4688 -14.7219 0)
(39.9005 6.71111 0)
(-2.07368 -0.810011 0)
(27.8754 -13.4897 0)
(-1.40884 1.92398 0)
(-18.5258 -8.88513 0)
(-18.5144 -7.41387 0)
(-18.5136 -5.9324 0)
(-18.5124 -4.44785 0)
(-18.5084 -2.96382 0)
(-18.5017 -1.48094 0)
(-18.4936 0.00117275 0)
(-18.4854 1.48272 0)
(-18.4795 2.96347 0)
(-18.4783 4.44315 0)
(-18.4829 5.92197 0)
(-18.4906 7.40006 0)
(-18.5007 8.87384 0)
(-18.5103 10.3408 0)
(-18.5257 11.7924 0)
(-18.6031 13.213 0)
(-18.8204 14.6816 0)
(8.48887 -13.4773 0)
(14.4655 -13.4991 0)
(38.7106 12.9144 0)
(17.4463 -13.5045 0)
(35.3279 -13.2874 0)
(1.24209 2.17084 0)
(6.99665 -13.4866 0)
(2.35267 -0.614865 0)
(-0.281623 2.45302 0)
(-1.94298 -13.564 0)
(1.84653 -2.14119 0)
(-8.60665 -14.8158 0)
(2.1528 0.421032 0)
(30.8422 -13.4683 0)
(15.9561 -13.5022 0)
(33.7971 -13.4164 0)
(38.4437 -13.3419 0)
(38.356 14.3469 0)
(-20.0093 -13.807 0)
(24.8965 -13.5002 0)
(32.3172 -13.4496 0)
(0.138474 -2.73569 0)
(39.7567 2.2788 0)
(-17.5443 14.9805 0)
(-16.2875 14.7407 0)
(-14.8556 14.617 0)
(-13.3071 14.6549 0)
(-11.7776 14.6816 0)
(-10.2637 14.695 0)
(-8.76378 14.6963 0)
(-7.27241 14.694 0)
(-5.78523 14.6935 0)
(-4.29771 14.696 0)
(-2.80598 14.6964 0)
(-1.31006 14.688 0)
(0.185259 14.6721 0)
(1.67559 14.6603 0)
(3.16241 14.6632 0)
(4.65011 14.6785 0)
(6.13969 14.6943 0)
(7.6291 14.7029 0)
(9.11691 14.7046 0)
(10.6037 14.7036 0)
(12.091 14.7031 0)
(13.5795 14.7037 0)
(15.0688 14.7048 0)
(16.5584 14.7057 0)
(18.0479 14.7063 0)
(19.5371 14.7065 0)
(21.026 14.7063 0)
(22.5142 14.7057 0)
(24.0012 14.7045 0)
(25.4859 14.7026 0)
(26.9665 14.6995 0)
(28.4392 14.6958 0)
(29.8984 14.6941 0)
(31.3376 14.6997 0)
(32.7528 14.7172 0)
(34.1512 14.7373 0)
(35.5547 14.7147 0)
(36.9356 14.5841 0)
(5.50658 -13.5095 0)
(-2.27369 0.633282 0)
(38.4779 -7.3963 0)
(-4.90673 -13.5331 0)
(36.9886 -12.9665 0)
(38.8495 11.4584 0)
(38.8852 10.0414 0)
(-3.42512 -13.5444 0)
(4.01684 -13.5411 0)
(-15.8788 -14.7908 0)
(1.83316 0.939217 0)
(-1.45873 -2.09295 0)
(11.4802 -13.4873 0)
(23.4057 -13.5035 0)
(39.0342 8.80594 0)
(29.3612 -13.4817 0)
(-18.6763 -11.7477 0)
(12.974 -13.4945 0)
(2.36419 1.47254 0)
(26.3868 -13.496 0)
(-2.8914 0.190629 0)
(-1.01476 2.57491 0)
(-17.7953 -13.7718 0)
(38.5414 6.10274 0)
(9.98495 -13.4804 0)
(38.41 -11.9426 0)
(1.1228 -3.02139 0)
(-2.40623 1.2763 0)
(0.925174 2.78153 0)
(2.52642 -13.5692 0)
(2.71408 -1.39599 0)
(-0.456249 -13.581 0)
(-18.5745 -10.3349 0)
(-9.33624 -13.5209 0)
(2.65586 0.0662205 0)
(20.4256 -13.5058 0)
(-18.8205 -13.1406 0)
(-2.8062 -0.603002 0)
(18.936 -13.5055 0)
(-0.698483 -3.27946 0)
(-2.16213 1.90015 0)
(38.4683 -10.4128 0)
(-1.53652 -2.826 0)
(38.4671 -5.9086 0)
(38.4377 0.0628974 0)
(38.4475 -1.4409 0)
(-2.61056 -1.42058 0)
(38.4561 -2.93687 0)
(-10.801 -13.5076 0)
(-6.38867 -13.5286 0)
(38.4619 4.59302 0)
(-12.277 -13.4432 0)
(1.03414 -13.5848 0)
(-2.22303 -2.18091 0)
(0.290169 3.0678 0)
(38.4869 -8.8902 0)
(2.06769 2.14417 0)
(-13.7559 -13.3276 0)
(38.6988 7.55527 0)
(21.9153 -13.5052 0)
(38.432 1.56633 0)
(9.22468 -12.1608 0)
(-17.2202 -6.68809 0)
(-17.2223 -5.19521 0)
(-17.2178 -3.70817 0)
(-17.2081 -2.22437 0)
(-17.1955 -0.742022 0)
(-17.1812 0.740384 0)
(-17.1676 2.22259 0)
(-17.1596 3.70397 0)
(-17.1623 5.18375 0)
(-17.1761 6.6631 0)
(-17.1888 8.14487 0)
(-17.2098 9.61655 0)
(-17.2149 11.0883 0)
(-17.1961 12.5411 0)
(-17.3278 13.8603 0)
(34.423 -12.1253 0)
(0.273054 -3.77187 0)
(7.72182 -12.1588 0)
(-1.2136 -12.308 0)
(-7.86685 -13.5265 0)
(3.24066 -0.582402 0)
(6.22641 -12.182 0)
(38.4622 -4.42461 0)
(37.4496 13.3155 0)
(18.1914 -12.2065 0)
(31.5716 -12.1428 0)
(-4.17279 -12.248 0)
(-17.3201 -11.1442 0)
(38.4336 3.07384 0)
(37.1175 -0.665829 0)
(-15.6865 13.3525 0)
(-13.9145 13.4869 0)
(-12.363 13.5289 0)
(-10.8378 13.5504 0)
(-9.3373 13.55 0)
(-7.84515 13.5438 0)
(-6.3589 13.539 0)
(-4.87509 13.5431 0)
(-3.38736 13.5522 0)
(-1.89074 13.5491 0)
(-0.389134 13.5233 0)
(1.10758 13.4905 0)
(2.59698 13.4817 0)
(4.08603 13.5049 0)
(5.57697 13.5364 0)
(7.06634 13.5552 0)
(8.55209 13.5594 0)
(10.0355 13.5572 0)
(11.5201 13.5559 0)
(13.0073 13.5568 0)
(14.4965 13.5588 0)
(15.9863 13.5606 0)
(17.4761 13.5619 0)
(18.9655 13.5625 0)
(20.4545 13.5624 0)
(21.9427 13.5616 0)
(23.4295 13.56 0)
(24.9139 13.5573 0)
(26.3944 13.5525 0)
(27.8674 13.5442 0)
(29.3265 13.5337 0)
(30.7617 13.5274 0)
(32.1621 13.5371 0)
(33.5195 13.5762 0)
(34.8469 13.6237 0)
(28.6206 -12.1789 0)
(37.7054 11.9368 0)
(37.7268 10.4528 0)
(-2.6934 -12.2709 0)
(4.73487 -12.2297 0)
(-16.5668 -13.5622 0)
(-0.539344 3.24979 0)
(1.66178 2.94949 0)
(33.0126 -12.1284 0)
(24.1515 -12.2025 0)
(2.30194 -3.32155 0)
(2.64729 0.774155 0)
(37.6755 8.79263 0)
(30.1012 -12.1658 0)
(3.10792 -2.43189 0)
(-17.2333 -9.68244 0)
(27.1341 -12.1891 0)
(-2.98124 0.943283 0)
(3.27137 1.29578 0)
(-1.86414 2.60376 0)
(37.3147 7.08173 0)
(-0.73285 -4.41777 0)
(2.96322 2.11779 0)
(37.1732 -11.2019 0)
(1.06413 3.64647 0)
(0.270752 -12.3335 0)
(-8.60254 -12.2342 0)
(3.81969 -1.45972 0)
(-3.62028 -0.310237 0)
(15.2111 -12.2 0)
(-17.5204 -12.5281 0)
(37.1058 0.851422 0)
(25.6434 -12.1966 0)
(19.6807 -12.2076 0)
(37.1286 -2.1787 0)
(1.41461 -4.21419 0)
(36.152 13.5532 0)
(10.7267 -12.1722 0)
(37.1566 -6.65395 0)
(-3.51358 -1.21635 0)
(-1.71984 -3.77764 0)
(35.8632 -11.8628 0)
(-10.0561 -12.2271 0)
(-5.65499 -12.2423 0)
(37.1717 5.48579 0)
(3.2458 -12.2849 0)
(-15.1929 -13.3495 0)
(-11.483 -12.2304 0)
(-2.95736 1.73872 0)
(16.7016 -12.204 0)
(37.1868 -8.13753 0)
(-12.9608 -12.0564 0)
(13.7195 -12.1942 0)
(22.6601 -12.206 0)
(-17.2168 -8.18644 0)
(12.225 -12.1844 0)
(21.1702 -12.2074 0)
(-3.18924 -2.16999 0)
(-1.48268 3.31351 0)
(3.56938 0.369268 0)
(-3.6513 0.531036 0)
(-4.36134 -2.01059 0)
(-3.43845 -10.9643 0)
(-15.9335 -4.4515 0)
(-15.9203 -2.96978 0)
(-15.9026 -1.49001 0)
(-15.8811 -0.00742822 0)
(-15.8565 1.47623 0)
(-15.835 2.9612 0)
(-15.8259 4.44547 0)
(-15.8412 5.92586 0)
(-15.8784 7.4055 0)
(-15.8816 8.90263 0)
(-15.952 10.3513 0)
(-15.9126 11.8385 0)
(37.2183 -9.63808 0)
(8.45018 -10.8269 0)
(4.23106 1.24512 0)
(-2.56846 -3.05429 0)
(2.16802 3.91835 0)
(-7.13514 -12.2407 0)
(36.1057 8.09607 0)
(6.9338 -10.8286 0)
(0.39189 -5.00861 0)
(-16.1268 -12.1137 0)
(29.3677 -10.8626 0)
(26.392 -10.8891 0)
(-12.9729 12.3306 0)
(-11.4741 12.361 0)
(-9.99523 12.3568 0)
(-8.50366 12.3469 0)
(-7.01635 12.3315 0)
(-5.53448 12.3279 0)
(-4.05459 12.3482 0)
(-2.56564 12.3701 0)
(-1.06118 12.3488 0)
(0.447752 12.2784 0)
(1.94766 12.2251 0)
(3.44513 12.2494 0)
(4.94221 12.3124 0)
(6.43153 12.3545 0)
(7.91324 12.3656 0)
(9.38886 12.3598 0)
(10.8673 12.3562 0)
(12.3517 12.3578 0)
(13.8404 12.3616 0)
(15.3307 12.3652 0)
(16.8211 12.3677 0)
(18.3109 12.3692 0)
(19.7999 12.3696 0)
(21.2881 12.3689 0)
(22.775 12.3668 0)
(24.2592 12.3634 0)
(25.7392 12.3578 0)
(27.2132 12.3469 0)
(28.6759 12.3267 0)
(30.1167 12.3011 0)
(31.522 12.2848 0)
(32.8753 12.3007 0)
(34.1499 12.3934 0)
(37.1402 -5.16522 0)
(-15.9161 -8.9946 0)
(36.5796 12.3593 0)
(36.7257 11.0239 0)
(5.43237 -10.8858 0)
(0.170076 4.22872 0)
(2.56846 2.96779 0)
(-2.76139 2.52458 0)
(2.69933 -4.60486 0)
(1.75737 -12.3255 0)
(36.4589 9.57026 0)
(18.9366 -10.9093 0)
(4.44336 -2.57651 0)
(24.8978 -10.8998 0)
(3.61816 -3.62918 0)
(-15.9266 -10.5677 0)
(-15.9305 -7.45855 0)
(27.884 -10.8765 0)
(4.41007 -0.413201 0)
(-4.51895 -0.885083 0)
(-1.95826 -11.0151 0)
(-4.50007 0.159422 0)
(11.4735 -10.8652 0)
(4.95171 0.616307 0)
(37.1088 3.92089 0)
(9.96654 -10.8454 0)
(-3.83925 -3.13766 0)
(-2.94647 -4.11796 0)
(1.5769 4.9671 0)
(-7.883 -10.9528 0)
(20.425 -10.9101 0)
(5.16851 -1.43412 0)
(35.8539 -7.41914 0)
(-3.71753 2.31173 0)
(-3.69068 1.38773 0)
(-2.44364 3.32034 0)
(15.958 -10.9019 0)
(35.7802 0.129959 0)
(37.1351 -3.67702 0)
(35.7956 -1.40651 0)
(35.9151 6.44363 0)
(-0.772366 -5.72406 0)
(37.097 2.37463 0)
(-0.486495 -11.0882 0)
(30.8444 -10.8453 0)
(35.3547 12.5085 0)
(36.012 -10.3485 0)
(-4.9238 -10.9578 0)
(3.93754 -10.9802 0)
(-14.5473 -11.6716 0)
(-10.7731 -10.9309 0)
(33.7033 -10.8113 0)
(1.67425 -5.52223 0)
(17.4478 -10.9066 0)
(-9.33778 -10.9369 0)
(-12.0667 -11.0461 0)
(14.4669 -10.8947 0)
(-14.474 12.2613 0)
(23.4046 -10.9062 0)
(34.9376 -10.9654 0)
(-15.9397 -5.9468 0)
(-0.984335 4.15316 0)
(35.8147 -5.9223 0)
(32.3161 -10.7891 0)
(-13.5874 11.0737 0)
(35.7906 4.82544 0)
(12.9729 -10.8824 0)
(-14.616 -2.24337 0)
(-14.5896 -0.764075 0)
(-14.5518 0.717034 0)
(-14.5111 2.20601 0)
(-14.4781 3.69921 0)
(-14.471 5.1943 0)
(-14.5221 6.6741 0)
(-14.6227 8.13987 0)
(-14.4782 9.73219 0)
(4.06606 2.19091 0)
(-5.48505 -3.05673 0)
(-6.41131 -10.9651 0)
(3.13774 4.75665 0)
(30.1193 -9.54553 0)
(-14.8684 11.0523 0)
(35.7607 1.6729 0)
(-1.90509 -4.93879 0)
(34.7023 7.42898 0)
(0.42977 5.47926 0)
(9.19937 -9.50217 0)
(-2.68817 -9.6819 0)
(-10.6948 11.1238 0)
(-9.2233 11.1113 0)
(-7.73376 11.0831 0)
(-6.24763 11.052 0)
(-4.76725 11.0625 0)
(-3.29517 11.1283 0)
(-1.80956 11.167 0)
(-0.299317 11.0772 0)
(1.22291 10.9014 0)
(2.7551 10.8753 0)
(4.28201 11.0044 0)
(5.7673 11.0968 0)
(7.24131 11.1299 0)
(8.69923 11.1127 0)
(10.1644 11.1025 0)
(11.6427 11.1052 0)
(13.1302 11.1128 0)
(14.6213 11.1198 0)
(16.113 11.1247 0)
(17.6035 11.1278 0)
(19.0928 11.1294 0)
(20.5809 11.1295 0)
(22.0679 11.1273 0)
(23.5524 11.1226 0)
(25.0321 11.116 0)
(26.5048 11.1066 0)
(27.9703 11.0837 0)
(29.4222 11.0379 0)
(30.8465 10.9834 0)
(32.2358 10.9515 0)
(33.5772 10.9638 0)
(-14.6691 -6.69441 0)
(-12.1518 11.1214 0)
(7.65456 -9.47113 0)
(35.8067 11.5241 0)
(5.83971 -2.61195 0)
(0.508505 -6.34703 0)
(6.0946 -9.47007 0)
(-5.61023 -1.46919 0)
(3.06704 -5.9489 0)
(-2.07106 -6.18691 0)
(35.9203 -8.89233 0)
(25.6451 -9.59388 0)
(-4.66235 1.87407 0)
(-3.53799 3.28542 0)
(-14.6625 -5.19208 0)
(28.6389 -9.55504 0)
(21.9139 -10.9092 0)
(27.1449 -9.57572 0)
(12.2276 -9.55964 0)
(-14.6385 -3.71418 0)
(5.16635 2.0036 0)
(34.4314 0.954867 0)
(-4.36727 -4.3374 0)
(34.5019 -6.71835 0)
(35.6518 10.4379 0)
(-7.17276 -9.69231 0)
(31.5905 -9.54088 0)
(3.22038 3.71733 0)
(5.78698 -0.199704 0)
(19.6812 -9.61293 0)
(0.987823 -11.1075 0)
(-4.36447 0.996434 0)
(-2.01579 4.1031 0)
(10.7202 -9.53109 0)
(-10.0989 -9.64361 0)
(34.4881 5.78964 0)
(34.4608 -0.609667 0)
(34.7522 11.2131 0)
(5.00967 -3.82089 0)
(-14.6365 -8.23114 0)
(18.1946 -9.61046 0)
(1.94025 -6.89195 0)
(-4.1928 -9.65434 0)
(-14.6015 -9.82449 0)
(4.5961 -9.63659 0)
(-5.56509 -0.169064 0)
(-13.2718 -10.503 0)
(33.212 -9.28803 0)
(34.564 -8.24232 0)
(2.45816 -11.0655 0)
(16.7065 -9.60515 0)
(35.7983 -2.92569 0)
(-1.19377 -9.80851 0)
(-8.62079 -9.64913 0)
(-4.7356 3.0664 0)
(-11.7748 -9.6197 0)
(-0.857518 -7.2051 0)
(15.2166 -9.59654 0)
(3.53489 2.90998 0)
(2.69392 6.02881 0)
(4.0883 -4.9378 0)
(24.148 -9.60548 0)
(1.21711 6.44177 0)
(6.58489 -1.29544 0)
(-3.23222 -5.33454 0)
(13.7247 -9.58159 0)
(-13.3327 -3.00434 0)
(6.21735 1.25171 0)
(-1.61117 4.92922 0)
(-13.2612 -0.0610965 0)
(-13.1988 1.42624 0)
(-13.1304 2.92366 0)
(-13.0855 4.44232 0)
(-13.0788 5.97902 0)
(-13.2307 7.45314 0)
(-13.4871 8.75508 0)
(21.1678 -9.6131 0)
(-5.69837 -9.70636 0)
(-5.90248 -4.66159 0)
(34.3942 4.15222 0)
(35.7515 3.23273 0)
(34.6879 9.38157 0)
(-6.01342 2.40755 0)
(33.217 6.80142 0)
(-0.653742 5.29578 0)
(-6.92671 -2.00416 0)
(11.4896 -8.21929 0)
(-9.9819 9.85202 0)
(-13.3075 -1.53458 0)
(35.7959 -4.42675 0)
(-8.49456 9.83182 0)
(-7.00209 9.75129 0)
(-5.50406 9.70328 0)
(-4.00483 9.76905 0)
(-2.56791 9.94223 0)
(-1.11956 9.97281 0)
(0.35438 9.65806 0)
(1.98408 9.2565 0)
(3.68743 9.60606 0)
(5.13505 9.76721 0)
(6.58827 9.88673 0)
(8.0024 9.83094 0)
(9.44218 9.80114 0)
(10.9105 9.80644 0)
(12.3962 9.8224 0)
(13.8884 9.83581 0)
(15.3825 9.84547 0)
(16.875 9.85128 0)
(18.3649 9.85471 0)
(19.8528 9.85647 0)
(21.3394 9.85557 0)
(22.8245 9.85026 0)
(24.3053 9.84054 0)
(25.777 9.82981 0)
(27.2357 9.81936 0)
(28.6915 9.77181 0)
(30.1352 9.66881 0)
(31.5501 9.57246 0)
(32.9889 9.56001 0)
(-13.4105 -7.41489 0)
(8.43024 -8.13319 0)
(-5.31446 1.01903 0)
(9.9743 -8.17922 0)
(0.716086 -7.6688 0)
(6.83289 -8.08041 0)
(-3.13552 4.2343 0)
(3.4194 -7.33394 0)
(6.45134 -3.92162 0)
(34.6948 -9.69534 0)
(4.2691 5.42453 0)
(-0.345408 6.56135 0)
(-13.4178 -5.91541 0)
(29.4127 -8.22139 0)
(34.3973 2.53303 0)
(-4.33796 4.30798 0)
(-12.8695 9.8823 0)
(27.9055 -8.25142 0)
(6.19773 2.93179 0)
(-6.49125 -8.48866 0)
(32.1724 -8.32892 0)
(33.0114 5.14501 0)
(-7.22821 -3.58194 0)
(34.4387 -5.20503 0)
(20.4237 -8.31712 0)
(-5.71508 4.07649 0)
(2.22056 -8.41168 0)
(33.119 0.215464 0)
(33.5818 8.25789 0)
(26.3935 -8.28311 0)
(4.56072 -6.36002 0)
(5.55041 -5.17914 0)
(-4.60776 -5.69068 0)
(3.78788 6.9366 0)
(-13.3041 -8.96078 0)
(17.4571 -8.31053 0)
(12.9892 -8.25512 0)
(4.58186 3.63517 0)
(-11.4314 9.84193 0)
(-9.29961 -8.33388 0)
(18.9413 -8.31532 0)
(24.8885 -8.30318 0)
(-3.46827 -8.2287 0)
(-2.51711 5.00775 0)
(5.07648 -8.00095 0)
(-3.4213 -6.64537 0)
(33.2698 -7.56763 0)
(34.4638 -2.15852 0)
(-7.8855 -8.35701 0)
(-10.729 -8.37658 0)
(-2.32718 -7.37349 0)
(15.97 -8.30044 0)
(-13.3648 -4.45569 0)
(7.20745 0.197567 0)
(2.19799 7.48039 0)
(30.8682 -8.23635 0)
(7.28609 -2.57983 0)
(33.0621 1.80234 0)
(22.6558 -9.61109 0)
(33.0661 -6.0331 0)
(7.57542 1.95307 0)
(-6.55632 0.936205 0)
(-10.753 8.51168 0)
(-11.9941 -0.862893 0)
(32.2315 8.10082 0)
(33.0107 3.44144 0)
(-11.7996 2.09849 0)
(-11.7031 3.62405 0)
(-11.6477 5.19305 0)
(-11.5916 6.95157 0)
(-12.1852 8.53934 0)
(0.906842 -8.88572 0)
(-12.0377 -3.7753 0)
(1.68254 -9.88135 0)
(21.9068 -8.31655 0)
(34.4356 -3.69032 0)
(-4.98358 5.54976 0)
(0.228706 -9.92435 0)
(-5.98243 -6.14429 0)
(7.05148 -5.31768 0)
(5.34809 6.37747 0)
(-11.9068 0.609298 0)
(-7.211 3.72571 0)
(-5.02665 -8.4557 0)
(-6.78455 -0.499593 0)
(5.82498 4.66023 0)
(-7.80022 8.50574 0)
(-6.32112 8.30806 0)
(-4.71079 8.32129 0)
(-3.12966 8.50109 0)
(-1.85137 8.9126 0)
(-0.666436 8.75462 0)
(6.00663 8.72828 0)
(7.29808 8.54608 0)
(8.70895 8.45629 0)
(10.171 8.46737 0)
(11.6592 8.50439 0)
(13.152 8.52825 0)
(14.6503 8.54719 0)
(16.147 8.55793 0)
(17.6392 8.56366 0)
(19.1271 8.56768 0)
(20.6121 8.56993 0)
(22.0959 8.56707 0)
(23.5786 8.55486 0)
(25.0551 8.53508 0)
(26.5138 8.52073 0)
(27.9373 8.53246 0)
(29.376 8.41127 0)
(31.8277 -6.99604 0)
(6.11901 -6.63544 0)
(-1.81466 -8.51983 0)
(7.70239 -6.73928 0)
(3.69079 -8.62071 0)
(10.7686 -6.85195 0)
(0.514208 7.91763 0)
(31.5336 6.3638 0)
(-4.68316 -7.08205 0)
(14.4806 -8.28308 0)
(9.25113 -6.8022 0)
(3.0912 -9.78454 0)
(-9.2945 8.62685 0)
(-12.0324 -2.32247 0)
(-12.2352 -6.59701 0)
(-1.99186 6.12588 0)
(-12.1033 -5.19124 0)
(-8.09256 -0.853745 0)
(-1.6013 7.57358 0)
(-3.54449 5.47996 0)
(-7.57356 2.14436 0)
(-6.6073 5.35822 0)
(33.1016 -2.92089 0)
(33.0122 -4.49138 0)
(-8.33781 -2.33723 0)
(33.1447 -1.35603 0)
(-7.61081 -5.37766 0)
(-12.1412 -8.07554 0)
(12.2682 -6.90606 0)
(4.77526 8.13428 0)
(27.1421 -6.96597 0)
(-8.54105 -6.93241 0)
(-5.86497 -7.43748 0)
(30.2793 -6.86043 0)
(21.1603 -7.02145 0)
(7.49124 3.90027 0)
(28.6916 -6.91292 0)
(19.6855 -7.02031 0)
(18.2089 -7.01742 0)
(30.7923 8.15568 0)
(-0.376815 -8.63226 0)
(25.6221 -6.99864 0)
(31.5886 4.38263 0)
(31.7474 1.03282 0)
(-7.11738 -7.08589 0)
(-9.95194 -7.04868 0)
(16.728 -7.00886 0)
(8.0537 -1.1061 0)
(7.92876 -3.9726 0)
(23.3936 -8.31301 0)
(31.8301 -0.529094 0)
(-3.69044 6.94764 0)
(-10.769 -1.67668 0)
(-5.62898 6.88528 0)
(-10.6802 -4.56494 0)
(-10.1906 4.27613 0)
(-10.1939 5.7984 0)
(-7.88944 0.626737 0)
(6.98532 5.75049 0)
(31.6694 2.65707 0)
(31.8302 -2.08494 0)
(31.6753 -3.66357 0)
(-10.5057 1.20964 0)
(-11.1887 -7.21044 0)
(6.3812 7.3782 0)
(-9.97524 7.29392 0)
(-10.6498 -0.25525 0)
(22.6382 -7.02093 0)
(3.28173 8.28999 0)
(29.8641 6.84027 0)
(-7.39845 6.81257 0)
(-10.7298 -3.12866 0)
(7.92153 7.05628 0)
(9.42145 7.0605 0)
(10.9354 7.17214 0)
(12.4201 7.20171 0)
(13.9259 7.24022 0)
(15.4313 7.26088 0)
(16.9283 7.26908 0)
(18.4183 7.27501 0)
(19.9017 7.28058 0)
(21.3801 7.28435 0)
(22.8592 7.27743 0)
(24.3413 7.24941 0)
(25.8202 7.2096 0)
(27.2764 7.19304 0)
(28.5816 7.33566 0)
(8.57032 -5.39556 0)
(-10.3423 2.72158 0)
(30.0922 5.18509 0)
(-9.26424 0.240577 0)
(31.3608 -5.38413 0)
(8.73392 0.58834 0)
(-10.9044 -5.96875 0)
(8.76491 -2.54457 0)
(-8.4584 5.0057 0)
(-8.80158 3.29305 0)
(8.80946 5.23224 0)
(30.3525 1.80635 0)
(-9.06688 -3.87825 0)
(9.57835 -1.00603 0)
(-9.41303 -5.57611 0)
(13.7572 -6.95383 0)
(-9.0568 1.72793 0)
(9.16471 2.7585 0)
(-8.65486 7.53765 0)
(29.4936 -5.55148 0)
(15.2424 -6.98921 0)
(20.4224 -5.72351 0)
(27.8747 -5.64335 0)
(18.9584 -5.72249 0)
(30.2656 3.45478 0)
(26.3373 -5.69031 0)
(11.5721 -5.52248 0)
(17.4896 -5.7203 0)
(21.8867 -5.72697 0)
(24.1229 -7.01518 0)
(30.4447 0.244325 0)
(-9.43715 -1.17293 0)
(10.0782 -5.45236 0)
(28.381 5.83098 0)
(30.5953 -1.23028 0)
(30.507 -2.71347 0)
(-9.64656 -2.45064 0)
(19.6983 -4.4206 0)
(10.2695 5.8818 0)
(11.6774 5.83645 0)
(13.2105 5.92329 0)
(14.735 5.96682 0)
(16.2405 5.97528 0)
(17.7356 5.98235 0)
(19.2218 5.99047 0)
(20.6953 5.99771 0)
(22.1578 6.00823 0)
(23.6284 5.99085 0)
(25.1132 5.92441 0)
(26.6354 5.85664 0)
(30.1264 -4.14792 0)
(13.055 -5.59745 0)
(9.41899 -4.01609 0)
(10.4412 0.741044 0)
(28.5309 -4.31986 0)
(10.2565 -2.59028 0)
(10.907 -4.09144 0)
(10.7405 2.53895 0)
(27.0092 -4.37302 0)
(-8.92684 6.38664 0)
(16.0132 -5.70399 0)
(21.1478 -4.42572 0)
(28.8509 4.15255 0)
(10.6768 4.28805 0)
(23.3565 -5.72758 0)
(18.2483 -4.42659 0)
(29.0023 2.52325 0)
(24.8363 -5.71702 0)
(11.117 -1.15433 0)
(28.974 0.94914 0)
(12.3847 -4.19666 0)
(29.5042 -1.85676 0)
(12.4894 4.59021 0)
(14.0664 4.68868 0)
(15.5814 4.68248 0)
(17.0832 4.68716 0)
(18.58 4.70336 0)
(20.0576 4.70686 0)
(21.5128 4.71718 0)
(22.9323 4.75937 0)
(24.3794 4.69321 0)
(25.8238 4.53357 0)
(29.0601 -3.02365 0)
(11.7449 -2.72806 0)
(11.8577 1.63794 0)
(14.5329 -5.66292 0)
(29.1738 -0.568014 0)
(27.8292 3.19105 0)
(16.7896 -4.42786 0)
(27.6135 -3.03588 0)
(22.5978 -4.43758 0)
(27.3259 4.48329 0)
(20.4261 -3.11303 0)
(25.5223 -4.4135 0)
(18.9887 -3.11167 0)
(11.9861 3.20565 0)
(12.6291 -1.4361 0)
(12.1135 0.0940792 0)
(27.5349 1.77924 0)
(13.8527 -4.30845 0)
(13.4611 3.46255 0)
(15.3204 -4.39282 0)
(21.8616 -3.13261 0)
(26.4772 3.08179 0)
(14.948 3.39513 0)
(16.455 3.37108 0)
(17.9764 3.42594 0)
(19.4618 3.42274 0)
(20.934 3.41419 0)
(22.3805 3.43083 0)
(23.6649 3.61285 0)
(24.975 3.20292 0)
(28.2085 -1.69564 0)
(13.2142 -2.90362 0)
(13.5975 -0.274908 0)
(24.0547 -4.43819 0)
(13.2397 1.11068 0)
(14.0736 -1.68924 0)
(26.1716 -3.08457 0)
(19.7128 -1.7898 0)
(12.9506 2.33855 0)
(27.467 -0.0200254 0)
(17.5593 -3.14244 0)
(21.1541 -1.80803 0)
(16.1142 -3.15015 0)
(25.7435 1.49278 0)
(14.6624 -3.06494 0)
(23.2887 -3.1629 0)
(14.6548 0.823757 0)
(14.2381 2.19382 0)
(15.8163 1.93255 0)
(17.4206 2.17348 0)
(18.8857 2.15058 0)
(20.3547 2.12574 0)
(21.8878 2.11133 0)
(23.66 2.13636 0)
(20.4469 -0.479773 0)
(18.9853 -0.45621 0)
(26.7737 -1.6549 0)
(14.9639 -0.569802 0)
(24.7253 -3.15185 0)
(15.465 -1.90362 0)
(22.5723 -1.8528 0)
(18.2746 -1.79042 0)
(19.7121 0.840133 0)
(16.0063 0.368126 0)
(16.8901 -1.90587 0)
(17.0211 0.99759 0)
(21.1959 0.819077 0)
(22.7408 0.782289 0)
(21.9061 -0.510762 0)
(24.3336 0.538806 0)
(25.3651 -1.8481 0)
(25.7981 -0.326076 0)
(17.457 -0.398466 0)
(18.2991 0.880259 0)
(23.9521 -1.92876 0)
(16.1906 -0.870865 0)
(24.5663 -0.812024 0)
(23.3136 -0.600116 0)
(-25 -18.5185 0.1)
(-25 -20 0.1)
(-23.5106 -20 0.1)
(-25 -17.037 0.1)
(-23.6811 -17.939 0.1)
(-25 -15.5556 0.1)
(-23.6349 -16.3573 0.1)
(-25 -14.0741 0.1)
(-23.7036 -14.8064 0.1)
(-25 -12.5926 0.1)
(-23.733 -13.298 0.1)
(-25 -11.1111 0.1)
(-23.7321 -11.8152 0.1)
(-25 -9.62963 0.1)
(-23.7228 -10.3424 0.1)
(-25 -8.14815 0.1)
(-23.7134 -8.87159 0.1)
(-25 -6.66667 0.1)
(-23.7071 -7.39866 0.1)
(-25 -5.18519 0.1)
(-23.7036 -5.92234 0.1)
(-25 -3.7037 0.1)
(-23.7019 -4.44321 0.1)
(-25 -2.22222 0.1)
(-23.701 -2.96247 0.1)
(-25 -0.740741 0.1)
(-23.7004 -1.48113 0.1)
(-25 0.740741 0.1)
(-23.6998 0.00025684 0.1)
(-25 2.22222 0.1)
(-23.6993 1.48145 0.1)
(-25 3.7037 0.1)
(-23.6991 2.96232 0.1)
(-25 5.18519 0.1)
(-23.6993 4.44267 0.1)
(-25 6.66667 0.1)
(-23.7001 5.92202 0.1)
(-25 8.14815 0.1)
(-23.7019 7.3994 0.1)
(-25 9.62963 0.1)
(-23.7054 8.87299 0.1)
(-25 11.1111 0.1)
(-23.7125 10.3399 0.1)
(-25 12.5926 0.1)
(-23.7255 11.7961 0.1)
(-25 14.0741 0.1)
(-23.7454 13.2376 0.1)
(-25 15.5556 0.1)
(-23.7654 14.6606 0.1)
(-25 17.037 0.1)
(-23.7785 16.0568 0.1)
(-25 18.5185 0.1)
(-23.7474 17.4252 0.1)
(-25 20 0.1)
(-23.6608 18.74 0.1)
(-23.5106 20 0.1)
(-22.0213 -20 0.1)
(-22.5385 -18.7354 0.1)
(-20.5319 -20 0.1)
(-19.0426 -20 0.1)
(-19.7316 -18.6878 0.1)
(-17.5532 -20 0.1)
(-16.0638 -20 0.1)
(-16.7609 -18.7045 0.1)
(-14.5745 -20 0.1)
(-13.0851 -20 0.1)
(-13.8059 -18.6963 0.1)
(-11.5957 -20 0.1)
(-10.1064 -20 0.1)
(-10.8445 -18.6988 0.1)
(-8.61702 -20 0.1)
(-7.12766 -20 0.1)
(-7.87154 -18.7034 0.1)
(-5.6383 -20 0.1)
(-4.14894 -20 0.1)
(-4.89508 -18.7054 0.1)
(-2.65957 -20 0.1)
(-1.17021 -20 0.1)
(-1.9174 -18.708 0.1)
(0.319149 -20 0.1)
(1.80851 -20 0.1)
(1.06212 -18.7087 0.1)
(3.29787 -20 0.1)
(4.78723 -20 0.1)
(4.04204 -18.7052 0.1)
(6.2766 -20 0.1)
(7.76596 -20 0.1)
(7.02078 -18.7008 0.1)
(9.25532 -20 0.1)
(10.7447 -20 0.1)
(9.99913 -18.6991 0.1)
(12.234 -20 0.1)
(13.7234 -20 0.1)
(12.9781 -18.6998 0.1)
(15.2128 -20 0.1)
(16.7021 -20 0.1)
(15.9572 -18.7006 0.1)
(18.1915 -20 0.1)
(19.6809 -20 0.1)
(18.9361 -18.7009 0.1)
(21.1702 -20 0.1)
(22.6596 -20 0.1)
(21.9151 -18.7008 0.1)
(24.1489 -20 0.1)
(25.6383 -20 0.1)
(24.8942 -18.7002 0.1)
(27.1277 -20 0.1)
(28.617 -20 0.1)
(27.8738 -18.6983 0.1)
(30.1064 -20 0.1)
(31.5957 -20 0.1)
(30.8555 -18.6923 0.1)
(33.0851 -20 0.1)
(34.5745 -20 0.1)
(33.842 -18.6739 0.1)
(36.0638 -20 0.1)
(37.5532 -20 0.1)
(36.822 -18.6552 0.1)
(39.0426 -20 0.1)
(40.5319 -20 0.1)
(39.7584 -18.7021 0.1)
(42.0213 -20 0.1)
(43.5106 -20 0.1)
(42.6228 -18.6801 0.1)
(45 -20 0.1)
(43.9195 -18.5797 0.1)
(45 -18.5185 0.1)
(-22.0213 20 0.1)
(-22.2356 18.8649 0.1)
(-20.5319 20 0.1)
(-20.7559 18.9018 0.1)
(-19.0426 20 0.1)
(-19.2801 18.9005 0.1)
(-17.5532 20 0.1)
(-17.7916 18.9515 0.1)
(-16.0638 20 0.1)
(-16.2967 18.9689 0.1)
(-14.5745 20 0.1)
(-14.8082 18.9639 0.1)
(-13.0851 20 0.1)
(-13.3226 18.959 0.1)
(-11.5957 20 0.1)
(-11.8348 18.9591 0.1)
(-10.1064 20 0.1)
(-10.3444 18.961 0.1)
(-8.61702 20 0.1)
(-8.85346 18.9624 0.1)
(-7.12766 20 0.1)
(-7.3631 18.9629 0.1)
(-5.6383 20 0.1)
(-5.87335 18.9629 0.1)
(-4.14894 20 0.1)
(-4.38371 18.9627 0.1)
(-2.65957 20 0.1)
(-2.89389 18.9622 0.1)
(-1.17021 20 0.1)
(-1.40407 18.9614 0.1)
(0.319149 20 0.1)
(0.0854223 18.9606 0.1)
(1.80851 20 0.1)
(1.57442 18.9602 0.1)
(3.29787 20 0.1)
(3.06315 18.9607 0.1)
(4.78723 20 0.1)
(4.55201 18.9617 0.1)
(6.2766 20 0.1)
(6.0412 18.9629 0.1)
(7.76596 20 0.1)
(7.53064 18.9637 0.1)
(9.25532 20 0.1)
(9.0201 18.9641 0.1)
(10.7447 20 0.1)
(10.5095 18.9642 0.1)
(12.234 20 0.1)
(11.9987 18.9641 0.1)
(13.7234 20 0.1)
(13.488 18.9641 0.1)
(15.2128 20 0.1)
(14.9774 18.9642 0.1)
(16.7021 20 0.1)
(16.4667 18.9643 0.1)
(18.1915 20 0.1)
(17.9561 18.9643 0.1)
(19.6809 20 0.1)
(19.4454 18.9643 0.1)
(21.1702 20 0.1)
(20.9346 18.9644 0.1)
(22.6596 20 0.1)
(22.4237 18.9644 0.1)
(24.1489 20 0.1)
(23.9125 18.9644 0.1)
(25.6383 20 0.1)
(25.4008 18.9645 0.1)
(27.1277 20 0.1)
(26.8883 18.9649 0.1)
(28.617 20 0.1)
(28.3745 18.9657 0.1)
(30.1064 20 0.1)
(29.8593 18.967 0.1)
(31.5957 20 0.1)
(31.3428 18.9684 0.1)
(33.0851 20 0.1)
(32.826 18.9684 0.1)
(34.5745 20 0.1)
(34.3091 18.9647 0.1)
(36.0638 20 0.1)
(35.7888 18.9562 0.1)
(37.5532 20 0.1)
(37.2566 18.9473 0.1)
(39.0426 20 0.1)
(38.7138 18.9361 0.1)
(40.5319 20 0.1)
(40.1507 18.9195 0.1)
(42.0213 20 0.1)
(41.5367 18.9505 0.1)
(43.5106 20 0.1)
(43.035 18.8945 0.1)
(45 20 0.1)
(45 18.5185 0.1)
(45 -17.037 0.1)
(45 -15.5556 0.1)
(43.8762 -16.1434 0.1)
(45 -14.0741 0.1)
(45 -12.5926 0.1)
(43.6774 -13.3745 0.1)
(45 -11.1111 0.1)
(45 -9.62963 0.1)
(43.6825 -10.3897 0.1)
(45 -8.14815 0.1)
(45 -6.66667 0.1)
(43.6932 -7.41066 0.1)
(45 -5.18519 0.1)
(45 -3.7037 0.1)
(43.6954 -4.44187 0.1)
(45 -2.22222 0.1)
(45 -0.740741 0.1)
(43.6937 -1.47696 0.1)
(45 0.740741 0.1)
(45 2.22222 0.1)
(43.6934 1.48677 0.1)
(45 3.7037 0.1)
(45 5.18519 0.1)
(43.705 4.44435 0.1)
(45 6.66667 0.1)
(45 8.14815 0.1)
(43.7363 7.39639 0.1)
(45 9.62963 0.1)
(45 11.1111 0.1)
(43.7477 10.3562 0.1)
(45 12.5926 0.1)
(45 14.0741 0.1)
(43.6995 13.3167 0.1)
(45 15.5556 0.1)
(45 17.037 0.1)
(43.6511 16.203 0.1)
(-0.5 0 0.1)
(-0.402049 0.297248 0.1)
(-0.763335 0.173392 0.1)
(-0.15953 0.473867 0.1)
(-0.420883 0.661701 0.1)
(0.141195 0.47965 0.1)
(-0.079335 0.789893 0.1)
(0.393759 0.308145 0.1)
(0.50773 0.627519 0.1)
(0.499751 0.0157648 0.1)
(0.732316 0.315096 0.1)
(0.405284 -0.292822 0.1)
(0.737561 -0.305593 0.1)
(0.161908 -0.47306 0.1)
(0.518531 -0.607828 0.1)
(-0.141175 -0.479656 0.1)
(-0.0381058 -0.81388 0.1)
(-0.400126 -0.299832 0.1)
(-0.417612 -0.69579 0.1)
(-0.75797 -0.180784 0.1)
(-18.2431 -18.7042 0.1)
(-21.2037 -18.6553 0.1)
(-15.2837 -18.7006 0.1)
(-12.3277 -18.6962 0.1)
(-9.35863 -18.7016 0.1)
(-6.38353 -18.7045 0.1)
(-3.40658 -18.7069 0.1)
(-0.428032 -18.7091 0.1)
(2.5521 -18.7075 0.1)
(5.53153 -18.7028 0.1)
(8.50983 -18.6994 0.1)
(11.4885 -18.6992 0.1)
(14.4676 -18.7002 0.1)
(17.4466 -18.7008 0.1)
(20.4256 -18.7009 0.1)
(23.4046 -18.7006 0.1)
(26.3838 -18.6996 0.1)
(29.364 -18.6964 0.1)
(32.3481 -18.6854 0.1)
(35.3341 -18.6621 0.1)
(38.2973 -18.6671 0.1)
(41.2133 -18.7142 0.1)
(43.6891 -8.89867 0.1)
(43.6749 -11.8852 0.1)
(43.7139 -14.8358 0.1)
(43.6951 -5.92517 0.1)
(43.6948 -2.95931 0.1)
(43.6927 0.00564301 0.1)
(43.6967 2.9666 0.1)
(43.7195 5.92027 0.1)
(43.7484 8.87481 0.1)
(43.7312 11.8381 0.1)
(43.6675 14.7799 0.1)
(43.6062 17.5866 0.1)
(43.2918 -17.3211 0.1)
(-0.773864 0.553004 0.1)
(0.280619 0.937129 0.1)
(0.309813 -0.939888 0.1)
(-0.791106 -0.563933 0.1)
(0.934615 0.00353764 0.1)
(-13.0504 -17.3861 0.1)
(-22.1294 -17.2123 0.1)
(-22.3778 -15.5125 0.1)
(-22.4717 -13.979 0.1)
(-22.4737 -12.5051 0.1)
(-22.4535 -11.0458 0.1)
(-22.4315 -9.58881 0.1)
(-22.4161 -8.12718 0.1)
(-22.408 -6.65807 0.1)
(-22.4044 -5.18244 0.1)
(-22.4027 -3.70285 0.1)
(-22.4015 -2.22163 0.1)
(-22.4002 -0.740131 0.1)
(-22.3988 0.741129 0.1)
(-22.3979 2.22195 0.1)
(-22.3976 3.70214 0.1)
(-22.3982 5.18125 0.1)
(-22.4001 6.65823 0.1)
(-22.4038 8.13087 0.1)
(-22.4111 9.59508 0.1)
(-22.4264 11.0443 0.1)
(-22.4552 12.4698 0.1)
(-22.4978 13.8625 0.1)
(-22.5271 15.2157 0.1)
(-22.5491 16.4994 0.1)
(-22.4386 17.723 0.1)
(-17.4442 -17.4099 0.1)
(42.3904 -6.6659 0.1)
(-10.0978 -17.4003 0.1)
(-14.517 -17.3904 0.1)
(-7.12725 -17.4077 0.1)
(-4.15281 -17.4121 0.1)
(-1.17581 -17.4179 0.1)
(1.80495 -17.4175 0.1)
(4.78557 -17.4082 0.1)
(7.76393 -17.3994 0.1)
(10.7426 -17.3978 0.1)
(13.7223 -17.4 0.1)
(16.7018 -17.4015 0.1)
(19.6809 -17.402 0.1)
(22.66 -17.4015 0.1)
(25.6395 -17.3999 0.1)
(28.6196 -17.3955 0.1)
(31.6038 -17.3812 0.1)
(34.6007 -17.3358 0.1)
(37.5911 -17.3008 0.1)
(40.4691 -17.4509 0.1)
(41.9029 -17.4157 0.1)
(42.3906 -3.6971 0.1)
(42.3958 3.71422 0.1)
(-15.977 -17.404 0.1)
(42.3643 -14.2197 0.1)
(-20.9908 17.8216 0.1)
(-19.5194 17.7533 0.1)
(-18.0287 17.8976 0.1)
(-16.5359 17.9417 0.1)
(-15.0564 17.9277 0.1)
(-13.5776 17.9154 0.1)
(-12.0908 17.9158 0.1)
(-10.5986 17.9203 0.1)
(-9.10545 17.9234 0.1)
(-7.614 17.9244 0.1)
(-6.12403 17.9244 0.1)
(-4.63435 17.9241 0.1)
(-3.14418 17.9233 0.1)
(-1.65371 17.9217 0.1)
(-0.163692 17.9198 0.1)
(1.32533 17.9185 0.1)
(2.8136 17.919 0.1)
(4.30191 17.9211 0.1)
(5.79082 17.9238 0.1)
(7.28024 17.9258 0.1)
(8.76973 17.9267 0.1)
(10.259 17.9269 0.1)
(11.7482 17.9268 0.1)
(13.2374 17.9268 0.1)
(14.7267 17.9269 0.1)
(16.216 17.9271 0.1)
(17.7054 17.9272 0.1)
(19.1947 17.9272 0.1)
(20.6839 17.9272 0.1)
(22.1728 17.9272 0.1)
(23.6614 17.9271 0.1)
(25.1491 17.9272 0.1)
(26.6354 17.9275 0.1)
(28.1193 17.9284 0.1)
(29.6 17.9305 0.1)
(31.0773 17.9335 0.1)
(32.5525 17.9355 0.1)
(34.0278 17.9311 0.1)
(35.5019 17.9142 0.1)
(36.9629 17.8869 0.1)
(38.3808 17.8781 0.1)
(39.8065 17.8236 0.1)
(41.1392 17.768 0.1)
(42.3465 17.9944 0.1)
(42.4802 -15.872 0.1)
(-18.9177 -17.4114 0.1)
(42.3858 -8.15572 0.1)
(42.3846 0.753925 0.1)
(42.3607 -11.1602 0.1)
(42.3438 -12.683 0.1)
(42.3854 -0.729069 0.1)
(42.3911 -5.18073 0.1)
(42.3868 2.23552 0.1)
(42.3886 -2.21382 0.1)
(42.4547 6.65588 0.1)
(42.5088 9.59646 0.1)
(42.4399 12.5565 0.1)
(42.281 15.491 0.1)
(42.2963 16.8278 0.1)
(-20.4379 -17.3628 0.1)
(-1.06134 0.00855128 0.1)
(-8.61345 -17.4054 0.1)
(42.3758 -9.65413 0.1)
(-0.358049 1.02905 0.1)
(0.926151 0.698007 0.1)
(0.890664 -0.648492 0.1)
(-0.320134 -1.09258 0.1)
(3.29553 -17.4135 0.1)
(-11.5781 -17.3921 0.1)
(0.313992 -17.4193 0.1)
(-2.66485 -17.4153 0.1)
(-5.64028 -17.4099 0.1)
(6.27465 -17.4031 0.1)
(9.25296 -17.3977 0.1)
(12.2324 -17.3988 0.1)
(15.212 -17.4008 0.1)
(18.1913 -17.4018 0.1)
(21.1704 -17.4019 0.1)
(24.1496 -17.401 0.1)
(27.1292 -17.3985 0.1)
(30.1107 -17.3905 0.1)
(33.1012 -17.3624 0.1)
(36.0999 -17.3088 0.1)
(39.0543 -17.345 0.1)
(42.4188 5.18816 0.1)
(-1.15905 0.370224 0.1)
(42.3572 14.0381 0.1)
(42.4907 8.12486 0.1)
(42.4926 11.0716 0.1)
(0.703063 1.07369 0.1)
(-0.0477292 1.24492 0.1)
(-0.735748 0.976141 0.1)
(1.16506 -0.390267 0.1)
(-1.15291 -0.351699 0.1)
(-0.761311 -1.04091 0.1)
(0.0289721 -1.28907 0.1)
(0.757259 -1.0145 0.1)
(1.1594 0.327219 0.1)
(2.54685 -16.1268 0.1)
(21.9153 -16.1028 0.1)
(-21.2308 -13.1634 0.1)
(-21.199 -11.7358 0.1)
(-21.1587 -10.2994 0.1)
(-21.1282 -8.85262 0.1)
(-21.1133 -7.3927 0.1)
(-21.1074 -5.92164 0.1)
(-21.1051 -4.44356 0.1)
(-21.1034 -2.96243 0.1)
(-21.1012 -1.48061 0.1)
(-21.0986 0.000949056 0.1)
(-21.0962 1.482 0.1)
(-21.0947 2.96239 0.1)
(-21.0947 4.44188 0.1)
(-21.0963 5.91985 0.1)
(-21.0996 7.39467 0.1)
(-21.1054 8.86285 0.1)
(-21.1169 10.3178 0.1)
(-21.1428 11.7484 0.1)
(-21.1954 13.1403 0.1)
(-21.2784 14.4765 0.1)
(-21.2783 15.7631 0.1)
(-21.3843 16.8672 0.1)
(41.0779 -8.90248 0.1)
(-6.38404 -16.1137 0.1)
(-0.435495 -16.1317 0.1)
(1.05496 -16.1325 0.1)
(-1.92523 -16.1279 0.1)
(-10.8305 -16.0939 0.1)
(-3.41295 -16.1224 0.1)
(40.9855 -13.5042 0.1)
(41.2299 11.7582 0.1)
(5.52696 -16.1083 0.1)
(8.50564 -16.0955 0.1)
(11.4858 -16.0964 0.1)
(14.4667 -16.1005 0.1)
(17.4465 -16.1026 0.1)
(20.4257 -16.103 0.1)
(24.895 -16.1007 0.1)
(29.3643 -16.0905 0.1)
(32.3504 -16.0636 0.1)
(35.3699 -15.9732 0.1)
(41.0997 4.4733 0.1)
(-13.7646 -16.0651 0.1)
(-19.7947 16.4069 0.1)
(-18.2711 16.8359 0.1)
(-16.8021 16.9183 0.1)
(-15.3521 16.8815 0.1)
(-13.8873 16.8562 0.1)
(-12.4002 16.8587 0.1)
(-10.9035 16.8672 0.1)
(-9.40659 16.8725 0.1)
(-7.91337 16.874 0.1)
(-6.42317 16.874 0.1)
(-4.93378 16.8739 0.1)
(-3.4435 16.8731 0.1)
(-1.95215 16.8708 0.1)
(-0.460964 16.8669 0.1)
(1.02864 16.8635 0.1)
(2.5166 16.8633 0.1)
(4.00424 16.8667 0.1)
(5.49274 16.8717 0.1)
(6.98211 16.8758 0.1)
(8.47161 16.8777 0.1)
(9.96077 16.878 0.1)
(11.4497 16.8778 0.1)
(12.9386 16.8778 0.1)
(14.4278 16.878 0.1)
(15.9171 16.8783 0.1)
(17.4065 16.8785 0.1)
(18.8959 16.8786 0.1)
(20.385 16.8786 0.1)
(21.874 16.8785 0.1)
(23.3624 16.8783 0.1)
(24.8497 16.8781 0.1)
(26.3353 16.8779 0.1)
(27.8175 16.8782 0.1)
(29.2945 16.8801 0.1)
(30.7647 16.8843 0.1)
(32.2288 16.8898 0.1)
(33.6908 16.89 0.1)
(35.156 16.871 0.1)
(36.6217 16.8218 0.1)
(38.0654 16.7576 0.1)
(39.3186 16.832 0.1)
(-18.1065 -16.1097 0.1)
(41.22 7.38947 0.1)
(-21.008 -16.0217 0.1)
(41.0741 0.0230681 0.1)
(41.1466 5.93908 0.1)
(41.2832 10.2949 0.1)
(41.2808 8.84077 0.1)
(40.9386 14.7986 0.1)
(41.1199 13.2581 0.1)
(39.8795 -16.0514 0.1)
(-12.3047 -16.0749 0.1)
(27.8744 -16.096 0.1)
(41.0443 -15.0098 0.1)
(38.4163 -15.9248 0.1)
(41.0603 -10.4142 0.1)
(40.7541 16.3978 0.1)
(-4.89868 -16.1169 0.1)
(4.03734 -16.1183 0.1)
(41.0862 -5.91881 0.1)
(9.99545 -16.0948 0.1)
(-9.35151 -16.1064 0.1)
(-0.43861 -1.54658 0.1)
(7.01583 -16.0998 0.1)
(41.0345 -11.9458 0.1)
(12.9762 -16.0984 0.1)
(15.9567 -16.1018 0.1)
(18.9361 -16.103 0.1)
(26.3848 -16.0987 0.1)
(-1.28957 -0.891536 0.1)
(23.4051 -16.102 0.1)
(1.42627 -0.033924 0.1)
(30.8553 -16.0816 0.1)
(33.8542 -16.0283 0.1)
(36.8887 -15.9344 0.1)
(41.0832 -2.95079 0.1)
(-16.6467 -16.1216 0.1)
(41.1657 -16.3406 0.1)
(-21.2391 -14.5757 0.1)
(41.0849 -7.40748 0.1)
(41.0775 -1.46343 0.1)
(-1.19058 0.836149 0.1)
(-1.46919 0.0375806 0.1)
(41.0732 1.50909 0.1)
(41.0855 -4.43451 0.1)
(-19.5301 -16.1531 0.1)
(1.21178 1.11505 0.1)
(0.382827 1.465 0.1)
(-7.86895 -16.1112 0.1)
(41.0785 2.99271 0.1)
(1.24769 -0.890641 0.1)
(-0.509736 1.41324 0.1)
(0.512362 -1.46554 0.1)
(-15.2082 -16.0838 0.1)
(1.35747 0.692582 0.1)
(27.1302 -14.7957 0.1)
(-19.9012 -11.0116 0.1)
(-19.8453 -9.58197 0.1)
(-19.82 -8.13061 0.1)
(-19.8109 -6.6631 0.1)
(-19.8085 -5.1857 0.1)
(-19.8067 -3.70408 0.1)
(-19.8035 -2.2216 0.1)
(-19.7992 -0.739499 0.1)
(-19.7945 0.742004 0.1)
(-19.7906 2.22282 0.1)
(-19.7887 3.70279 0.1)
(-19.7898 5.18173 0.1)
(-19.7935 6.65912 0.1)
(-19.7992 8.13276 0.1)
(-19.8072 9.59841 0.1)
(-19.8226 11.0476 0.1)
(-19.8655 12.4654 0.1)
(-19.9644 13.8352 0.1)
(-20.1647 15.096 0.1)
(23.3136 -0.600116 0.1)
(23.9521 -1.92876 0.1)
(24.5663 -0.812024 0.1)
(7.75395 -14.7914 0.1)
(19.6808 -14.8043 0.1)
(-2.67601 -14.8381 0.1)
(-1.08799 -1.54121 0.1)
(6.26474 -14.8022 0.1)
(0.921121 1.59369 0.1)
(39.9667 12.3868 0.1)
(39.7804 -6.65728 0.1)
(13.7208 -14.7989 0.1)
(16.7014 -14.8029 0.1)
(25.6406 -14.7994 0.1)
(-1.63488 -0.413313 0.1)
(37.7049 -14.558 0.1)
(1.689 -0.521864 0.1)
(18.1912 -14.8039 0.1)
(24.1506 -14.8017 0.1)
(30.1061 -14.7822 0.1)
(33.0879 -14.7399 0.1)
(12.2291 -14.7948 0.1)
(39.7425 -11.1806 0.1)
(-18.3487 15.7825 0.1)
(24.3336 0.538806 0.1)
(-17.1052 15.9102 0.1)
(-15.7342 15.8172 0.1)
(-14.2927 15.7655 0.1)
(-12.797 15.7757 0.1)
(-11.2899 15.791 0.1)
(-9.78632 15.7996 0.1)
(-8.29017 15.8013 0.1)
(-6.79956 15.8008 0.1)
(-5.31102 15.801 0.1)
(-3.82135 15.8012 0.1)
(-2.32918 15.7988 0.1)
(-0.83593 15.7922 0.1)
(0.655442 15.7845 0.1)
(2.14368 15.7813 0.1)
(3.6306 15.7857 0.1)
(5.1186 15.7947 0.1)
(6.60795 15.8027 0.1)
(8.09742 15.8067 0.1)
(9.58619 15.8074 0.1)
(11.0745 15.807 0.1)
(12.5629 15.8068 0.1)
(14.0519 15.8071 0.1)
(15.5412 15.8077 0.1)
(17.0307 15.8082 0.1)
(18.52 15.8084 0.1)
(20.0093 15.8085 0.1)
(21.4981 15.8083 0.1)
(22.9864 15.8079 0.1)
(24.4736 15.8072 0.1)
(25.9586 15.8062 0.1)
(27.4397 15.8052 0.1)
(28.9138 15.8051 0.1)
(30.3774 15.8083 0.1)
(31.8279 15.8167 0.1)
(33.2682 15.8267 0.1)
(34.7096 15.82 0.1)
(36.1679 15.7674 0.1)
(37.6285 15.6415 0.1)
(4.7755 -14.819 0.1)
(-5.64366 -14.8217 0.1)
(-1.05632 1.38928 0.1)
(-1.66119 0.516115 0.1)
(39.7819 -8.14708 0.1)
(-0.10577 1.79825 0.1)
(36.1567 -14.5617 0.1)
(40.0542 10.9242 0.1)
(40.1114 9.52267 0.1)
(-4.16008 -14.8277 0.1)
(3.28523 -14.8366 0.1)
(39.709 -12.7269 0.1)
(1.17438 -1.49392 0.1)
(39.4631 -14.4569 0.1)
(0.0565705 -1.92319 0.1)
(39.7708 -9.65412 0.1)
(10.7377 -14.7913 0.1)
(22.6604 -14.8034 0.1)
(40.054 8.11112 0.1)
(28.6187 -14.791 0.1)
(21.1705 -14.8041 0.1)
(39.2984 15.4957 0.1)
(0.475957 2.15031 0.1)
(0.819913 -2.15391 0.1)
(-18.7872 -14.7176 0.1)
(39.769 -2.19973 0.1)
(-0.722097 1.93754 0.1)
(15.2112 -14.8011 0.1)
(0.30158 -14.8534 0.1)
(9.24541 -14.7886 0.1)
(-0.67327 -2.31206 0.1)
(1.60326 1.55968 0.1)
(39.7778 -5.17129 0.1)
(1.79387 -14.8491 0.1)
(39.7598 13.899 0.1)
(-1.18865 -14.848 0.1)
(1.98321 -0.0604051 0.1)
(-19.9717 -12.4181 0.1)
(-10.0821 -14.8059 0.1)
(1.86945 -1.21213 0.1)
(-2.11039 -0.0161689 0.1)
(-1.7962 -1.48144 0.1)
(31.5937 -14.7688 0.1)
(-20.0978 -15.0543 0.1)
(-17.2839 -14.8893 0.1)
(39.7569 0.785751 0.1)
(-1.70548 1.19483 0.1)
(34.6059 -14.6728 0.1)
(39.7612 -0.706575 0.1)
(1.64584 0.364655 0.1)
(39.7753 -3.68764 0.1)
(39.8115 5.25762 0.1)
(-11.5585 -14.7782 0.1)
(-7.12673 -14.8187 0.1)
(39.7687 3.77053 0.1)
(-13.0274 -14.7338 0.1)
(-14.4688 -14.7219 0.1)
(39.9005 6.71111 0.1)
(-2.07368 -0.810011 0.1)
(27.8754 -13.4897 0.1)
(-1.40884 1.92398 0.1)
(-18.5258 -8.88513 0.1)
(-18.5144 -7.41387 0.1)
(-18.5136 -5.9324 0.1)
(-18.5124 -4.44785 0.1)
(-18.5084 -2.96382 0.1)
(-18.5017 -1.48094 0.1)
(-18.4936 0.00117275 0.1)
(-18.4854 1.48272 0.1)
(-18.4795 2.96347 0.1)
(-18.4783 4.44315 0.1)
(-18.4829 5.92197 0.1)
(-18.4906 7.40006 0.1)
(-18.5007 8.87384 0.1)
(-18.5103 10.3408 0.1)
(-18.5257 11.7924 0.1)
(-18.6031 13.213 0.1)
(-18.8204 14.6816 0.1)
(8.48887 -13.4773 0.1)
(14.4655 -13.4991 0.1)
(38.7106 12.9144 0.1)
(17.4463 -13.5045 0.1)
(35.3279 -13.2874 0.1)
(1.24209 2.17084 0.1)
(6.99665 -13.4866 0.1)
(2.35267 -0.614865 0.1)
(-0.281623 2.45302 0.1)
(-1.94298 -13.564 0.1)
(1.84653 -2.14119 0.1)
(-8.60665 -14.8158 0.1)
(2.1528 0.421032 0.1)
(30.8422 -13.4683 0.1)
(15.9561 -13.5022 0.1)
(33.7971 -13.4164 0.1)
(38.4437 -13.3419 0.1)
(38.356 14.3469 0.1)
(-20.0093 -13.807 0.1)
(24.8965 -13.5002 0.1)
(32.3172 -13.4496 0.1)
(0.138474 -2.73569 0.1)
(39.7567 2.2788 0.1)
(-17.5443 14.9805 0.1)
(-16.2875 14.7407 0.1)
(-14.8556 14.617 0.1)
(-13.3071 14.6549 0.1)
(-11.7776 14.6816 0.1)
(-10.2637 14.695 0.1)
(-8.76378 14.6963 0.1)
(-7.27241 14.694 0.1)
(-5.78523 14.6935 0.1)
(-4.29771 14.696 0.1)
(-2.80598 14.6964 0.1)
(-1.31006 14.688 0.1)
(0.185259 14.6721 0.1)
(1.67559 14.6603 0.1)
(3.16241 14.6632 0.1)
(4.65011 14.6785 0.1)
(6.13969 14.6943 0.1)
(7.6291 14.7029 0.1)
(9.11691 14.7046 0.1)
(10.6037 14.7036 0.1)
(12.091 14.7031 0.1)
(13.5795 14.7037 0.1)
(15.0688 14.7048 0.1)
(16.5584 14.7057 0.1)
(18.0479 14.7063 0.1)
(19.5371 14.7065 0.1)
(21.026 14.7063 0.1)
(22.5142 14.7057 0.1)
(24.0012 14.7045 0.1)
(25.4859 14.7026 0.1)
(26.9665 14.6995 0.1)
(28.4392 14.6958 0.1)
(29.8984 14.6941 0.1)
(31.3376 14.6997 0.1)
(32.7528 14.7172 0.1)
(34.1512 14.7373 0.1)
(35.5547 14.7147 0.1)
(36.9356 14.5841 0.1)
(5.50658 -13.5095 0.1)
(-2.27369 0.633282 0.1)
(38.4779 -7.3963 0.1)
(-4.90673 -13.5331 0.1)
(36.9886 -12.9665 0.1)
(38.8495 11.4584 0.1)
(38.8852 10.0414 0.1)
(-3.42512 -13.5444 0.1)
(4.01684 -13.5411 0.1)
(-15.8788 -14.7908 0.1)
(1.83316 0.939217 0.1)
(-1.45873 -2.09295 0.1)
(11.4802 -13.4873 0.1)
(23.4057 -13.5035 0.1)
(39.0342 8.80594 0.1)
(29.3612 -13.4817 0.1)
(-18.6763 -11.7477 0.1)
(12.974 -13.4945 0.1)
(2.36419 1.47254 0.1)
(26.3868 -13.496 0.1)
(-2.8914 0.190629 0.1)
(-1.01476 2.57491 0.1)
(-17.7953 -13.7718 0.1)
(38.5414 6.10274 0.1)
(9.98495 -13.4804 0.1)
(38.41 -11.9426 0.1)
(1.1228 -3.02139 0.1)
(-2.40623 1.2763 0.1)
(0.925174 2.78153 0.1)
(2.52642 -13.5692 0.1)
(2.71408 -1.39599 0.1)
(-0.456249 -13.581 0.1)
(-18.5745 -10.3349 0.1)
(-9.33624 -13.5209 0.1)
(2.65586 0.0662205 0.1)
(20.4256 -13.5058 0.1)
(-18.8205 -13.1406 0.1)
(-2.8062 -0.603002 0.1)
(18.936 -13.5055 0.1)
(-0.698483 -3.27946 0.1)
(-2.16213 1.90015 0.1)
(38.4683 -10.4128 0.1)
(-1.53652 -2.826 0.1)
(38.4671 -5.9086 0.1)
(38.4377 0.0628974 0.1)
(38.4475 -1.4409 0.1)
(-2.61056 -1.42058 0.1)
(38.4561 -2.93687 0.1)
(-10.801 -13.5076 0.1)
(-6.38867 -13.5286 0.1)
(38.4619 4.59302 0.1)
(-12.277 -13.4432 0.1)
(1.03414 -13.5848 0.1)
(-2.22303 -2.18091 0.1)
(0.290169 3.0678 0.1)
(38.4869 -8.8902 0.1)
(2.06769 2.14417 0.1)
(-13.7559 -13.3276 0.1)
(38.6988 7.55527 0.1)
(21.9153 -13.5052 0.1)
(38.432 1.56633 0.1)
(9.22468 -12.1608 0.1)
(-17.2202 -6.68809 0.1)
(-17.2223 -5.19521 0.1)
(-17.2178 -3.70817 0.1)
(-17.2081 -2.22437 0.1)
(-17.1955 -0.742022 0.1)
(-17.1812 0.740384 0.1)
(-17.1676 2.22259 0.1)
(-17.1596 3.70397 0.1)
(-17.1623 5.18375 0.1)
(-17.1761 6.6631 0.1)
(-17.1888 8.14487 0.1)
(-17.2098 9.61655 0.1)
(-17.2149 11.0883 0.1)
(-17.1961 12.5411 0.1)
(-17.3278 13.8603 0.1)
(34.423 -12.1253 0.1)
(0.273054 -3.77187 0.1)
(7.72182 -12.1588 0.1)
(-1.2136 -12.308 0.1)
(-7.86685 -13.5265 0.1)
(3.24066 -0.582402 0.1)
(6.22641 -12.182 0.1)
(38.4622 -4.42461 0.1)
(37.4496 13.3155 0.1)
(18.1914 -12.2065 0.1)
(31.5716 -12.1428 0.1)
(-4.17279 -12.248 0.1)
(-17.3201 -11.1442 0.1)
(38.4336 3.07384 0.1)
(37.1175 -0.665829 0.1)
(-15.6865 13.3525 0.1)
(-13.9145 13.4869 0.1)
(-12.363 13.5289 0.1)
(-10.8378 13.5504 0.1)
(-9.3373 13.55 0.1)
(-7.84515 13.5438 0.1)
(-6.3589 13.539 0.1)
(-4.87509 13.5431 0.1)
(-3.38736 13.5522 0.1)
(-1.89074 13.5491 0.1)
(-0.389134 13.5233 0.1)
(1.10758 13.4905 0.1)
(2.59698 13.4817 0.1)
(4.08603 13.5049 0.1)
(5.57697 13.5364 0.1)
(7.06634 13.5552 0.1)
(8.55209 13.5594 0.1)
(10.0355 13.5572 0.1)
(11.5201 13.5559 0.1)
(13.0073 13.5568 0.1)
(14.4965 13.5588 0.1)
(15.9863 13.5606 0.1)
(17.4761 13.5619 0.1)
(18.9655 13.5625 0.1)
(20.4545 13.5624 0.1)
(21.9427 13.5616 0.1)
(23.4295 13.56 0.1)
(24.9139 13.5573 0.1)
(26.3944 13.5525 0.1)
(27.8674 13.5442 0.1)
(29.3265 13.5337 0.1)
(30.7617 13.5274 0.1)
(32.1621 13.5371 0.1)
(33.5195 13.5762 0.1)
(34.8469 13.6237 0.1)
(28.6206 -12.1789 0.1)
(37.7054 11.9368 0.1)
(37.7268 10.4528 0.1)
(-2.6934 -12.2709 0.1)
(4.73487 -12.2297 0.1)
(-16.5668 -13.5622 0.1)
(-0.539344 3.24979 0.1)
(1.66178 2.94949 0.1)
(33.0126 -12.1284 0.1)
(24.1515 -12.2025 0.1)
(2.30194 -3.32155 0.1)
(2.64729 0.774155 0.1)
(37.6755 8.79263 0.1)
(30.1012 -12.1658 0.1)
(3.10792 -2.43189 0.1)
(-17.2333 -9.68244 0.1)
(27.1341 -12.1891 0.1)
(-2.98124 0.943283 0.1)
(3.27137 1.29578 0.1)
(-1.86414 2.60376 0.1)
(37.3147 7.08173 0.1)
(-0.73285 -4.41777 0.1)
(2.96322 2.11779 0.1)
(37.1732 -11.2019 0.1)
(1.06413 3.64647 0.1)
(0.270752 -12.3335 0.1)
(-8.60254 -12.2342 0.1)
(3.81969 -1.45972 0.1)
(-3.62028 -0.310237 0.1)
(15.2111 -12.2 0.1)
(-17.5204 -12.5281 0.1)
(37.1058 0.851422 0.1)
(25.6434 -12.1966 0.1)
(19.6807 -12.2076 0.1)
(37.1286 -2.1787 0.1)
(1.41461 -4.21419 0.1)
(36.152 13.5532 0.1)
(10.7267 -12.1722 0.1)
(37.1566 -6.65395 0.1)
(-3.51358 -1.21635 0.1)
(-1.71984 -3.77764 0.1)
(35.8632 -11.8628 0.1)
(-10.0561 -12.2271 0.1)
(-5.65499 -12.2423 0.1)
(37.1717 5.48579 0.1)
(3.2458 -12.2849 0.1)
(-15.1929 -13.3495 0.1)
(-11.483 -12.2304 0.1)
(-2.95736 1.73872 0.1)
(16.7016 -12.204 0.1)
(37.1868 -8.13753 0.1)
(-12.9608 -12.0564 0.1)
(13.7195 -12.1942 0.1)
(22.6601 -12.206 0.1)
(-17.2168 -8.18644 0.1)
(12.225 -12.1844 0.1)
(21.1702 -12.2074 0.1)
(-3.18924 -2.16999 0.1)
(-1.48268 3.31351 0.1)
(3.56938 0.369268 0.1)
(-3.6513 0.531036 0.1)
(-4.36134 -2.01059 0.1)
(-3.43845 -10.9643 0.1)
(-15.9335 -4.4515 0.1)
(-15.9203 -2.96978 0.1)
(-15.9026 -1.49001 0.1)
(-15.8811 -0.00742822 0.1)
(-15.8565 1.47623 0.1)
(-15.835 2.9612 0.1)
(-15.8259 4.44547 0.1)
(-15.8412 5.92586 0.1)
(-15.8784 7.4055 0.1)
(-15.8816 8.90263 0.1)
(-15.952 10.3513 0.1)
(-15.9126 11.8385 0.1)
(37.2183 -9.63808 0.1)
(8.45018 -10.8269 0.1)
(4.23106 1.24512 0.1)
(-2.56846 -3.05429 0.1)
(2.16802 3.91835 0.1)
(-7.13514 -12.2407 0.1)
(36.1057 8.09607 0.1)
(6.9338 -10.8286 0.1)
(0.39189 -5.00861 0.1)
(-16.1268 -12.1137 0.1)
(29.3677 -10.8626 0.1)
(26.392 -10.8891 0.1)
(-12.9729 12.3306 0.1)
(-11.4741 12.361 0.1)
(-9.99523 12.3568 0.1)
(-8.50366 12.3469 0.1)
(-7.01635 12.3315 0.1)
(-5.53448 12.3279 0.1)
(-4.05459 12.3482 0.1)
(-2.56564 12.3701 0.1)
(-1.06118 12.3488 0.1)
(0.447752 12.2784 0.1)
(1.94766 12.2251 0.1)
(3.44513 12.2494 0.1)
(4.94221 12.3124 0.1)
(6.43153 12.3545 0.1)
(7.91324 12.3656 0.1)
(9.38886 12.3598 0.1)
(10.8673 12.3562 0.1)
(12.3517 12.3578 0.1)
(13.8404 12.3616 0.1)
(15.3307 12.3652 0.1)
(16.8211 12.3677 0.1)
(18.3109 12.3692 0.1)
(19.7999 12.3696 0.1)
(21.2881 12.3689 0.1)
(22.775 12.3668 0.1)
(24.2592 12.3634 0.1)
(25.7392 12.3578 0.1)
(27.2132 12.3469 0.1)
(28.6759 12.3267 0.1)
(30.1167 12.3011 0.1)
(31.522 12.2848 0.1)
(32.8753 12.3007 0.1)
(34.1499 12.3934 0.1)
(37.1402 -5.16522 0.1)
(-15.9161 -8.9946 0.1)
(36.5796 12.3593 0.1)
(36.7257 11.0239 0.1)
(5.43237 -10.8858 0.1)
(0.170076 4.22872 0.1)
(2.56846 2.96779 0.1)
(-2.76139 2.52458 0.1)
(2.69933 -4.60486 0.1)
(1.75737 -12.3255 0.1)
(36.4589 9.57026 0.1)
(18.9366 -10.9093 0.1)
(4.44336 -2.57651 0.1)
(24.8978 -10.8998 0.1)
(3.61816 -3.62918 0.1)
(-15.9266 -10.5677 0.1)
(-15.9305 -7.45855 0.1)
(27.884 -10.8765 0.1)
(4.41007 -0.413201 0.1)
(-4.51895 -0.885083 0.1)
(-1.95826 -11.0151 0.1)
(-4.50007 0.159422 0.1)
(11.4735 -10.8652 0.1)
(4.95171 0.616307 0.1)
(37.1088 3.92089 0.1)
(9.96654 -10.8454 0.1)
(-3.83925 -3.13766 0.1)
(-2.94647 -4.11796 0.1)
(1.5769 4.9671 0.1)
(-7.883 -10.9528 0.1)
(20.425 -10.9101 0.1)
(5.16851 -1.43412 0.1)
(35.8539 -7.41914 0.1)
(-3.71753 2.31173 0.1)
(-3.69068 1.38773 0.1)
(-2.44364 3.32034 0.1)
(15.958 -10.9019 0.1)
(35.7802 0.129959 0.1)
(37.1351 -3.67702 0.1)
(35.7956 -1.40651 0.1)
(35.9151 6.44363 0.1)
(-0.772366 -5.72406 0.1)
(37.097 2.37463 0.1)
(-0.486495 -11.0882 0.1)
(30.8444 -10.8453 0.1)
(35.3547 12.5085 0.1)
(36.012 -10.3485 0.1)
(-4.9238 -10.9578 0.1)
(3.93754 -10.9802 0.1)
(-14.5473 -11.6716 0.1)
(-10.7731 -10.9309 0.1)
(33.7033 -10.8113 0.1)
(1.67425 -5.52223 0.1)
(17.4478 -10.9066 0.1)
(-9.33778 -10.9369 0.1)
(-12.0667 -11.0461 0.1)
(14.4669 -10.8947 0.1)
(-14.474 12.2613 0.1)
(23.4046 -10.9062 0.1)
(34.9376 -10.9654 0.1)
(-15.9397 -5.9468 0.1)
(-0.984335 4.15316 0.1)
(35.8147 -5.9223 0.1)
(32.3161 -10.7891 0.1)
(-13.5874 11.0737 0.1)
(35.7906 4.82544 0.1)
(12.9729 -10.8824 0.1)
(-14.616 -2.24337 0.1)
(-14.5896 -0.764075 0.1)
(-14.5518 0.717034 0.1)
(-14.5111 2.20601 0.1)
(-14.4781 3.69921 0.1)
(-14.471 5.1943 0.1)
(-14.5221 6.6741 0.1)
(-14.6227 8.13987 0.1)
(-14.4782 9.73219 0.1)
(4.06606 2.19091 0.1)
(-5.48505 -3.05673 0.1)
(-6.41131 -10.9651 0.1)
(3.13774 4.75665 0.1)
(30.1193 -9.54553 0.1)
(-14.8684 11.0523 0.1)
(35.7607 1.6729 0.1)
(-1.90509 -4.93879 0.1)
(34.7023 7.42898 0.1)
(0.42977 5.47926 0.1)
(9.19937 -9.50217 0.1)
(-2.68817 -9.6819 0.1)
(-10.6948 11.1238 0.1)
(-9.2233 11.1113 0.1)
(-7.73376 11.0831 0.1)
(-6.24763 11.052 0.1)
(-4.76725 11.0625 0.1)
(-3.29517 11.1283 0.1)
(-1.80956 11.167 0.1)
(-0.299317 11.0772 0.1)
(1.22291 10.9014 0.1)
(2.7551 10.8753 0.1)
(4.28201 11.0044 0.1)
(5.7673 11.0968 0.1)
(7.24131 11.1299 0.1)
(8.69923 11.1127 0.1)
(10.1644 11.1025 0.1)
(11.6427 11.1052 0.1)
(13.1302 11.1128 0.1)
(14.6213 11.1198 0.1)
(16.113 11.1247 0.1)
(17.6035 11.1278 0.1)
(19.0928 11.1294 0.1)
(20.5809 11.1295 0.1)
(22.0679 11.1273 0.1)
(23.5524 11.1226 0.1)
(25.0321 11.116 0.1)
(26.5048 11.1066 0.1)
(27.9703 11.0837 0.1)
(29.4222 11.0379 0.1)
(30.8465 10.9834 0.1)
(32.2358 10.9515 0.1)
(33.5772 10.9638 0.1)
(-14.6691 -6.69441 0.1)
(-12.1518 11.1214 0.1)
(7.65456 -9.47113 0.1)
(35.8067 11.5241 0.1)
(5.83971 -2.61195 0.1)
(0.508505 -6.34703 0.1)
(6.0946 -9.47007 0.1)
(-5.61023 -1.46919 0.1)
(3.06704 -5.9489 0.1)
(-2.07106 -6.18691 0.1)
(35.9203 -8.89233 0.1)
(25.6451 -9.59388 0.1)
(-4.66235 1.87407 0.1)
(-3.53799 3.28542 0.1)
(-14.6625 -5.19208 0.1)
(28.6389 -9.55504 0.1)
(5.78698 -0.199704 0.1)
(21.9139 -10.9092 0.1)
(27.1449 -9.57572 0.1)
(12.2276 -9.55964 0.1)
(-14.6385 -3.71418 0.1)
(5.16635 2.0036 0.1)
(34.4314 0.954867 0.1)
(-4.36727 -4.3374 0.1)
(34.5019 -6.71835 0.1)
(35.6518 10.4379 0.1)
(-7.17276 -9.69231 0.1)
(31.5905 -9.54088 0.1)
(3.22038 3.71733 0.1)
(19.6812 -9.61293 0.1)
(0.987823 -11.1075 0.1)
(-4.36447 0.996434 0.1)
(-2.01579 4.1031 0.1)
(10.7202 -9.53109 0.1)
(-10.0989 -9.64361 0.1)
(34.4881 5.78964 0.1)
(34.4608 -0.609667 0.1)
(34.7522 11.2131 0.1)
(5.00967 -3.82089 0.1)
(-14.6365 -8.23114 0.1)
(18.1946 -9.61046 0.1)
(1.94025 -6.89195 0.1)
(-4.1928 -9.65434 0.1)
(-14.6015 -9.82449 0.1)
(4.5961 -9.63659 0.1)
(-5.56509 -0.169064 0.1)
(-13.2718 -10.503 0.1)
(34.6948 -9.69534 0.1)
(34.564 -8.24232 0.1)
(2.45816 -11.0655 0.1)
(16.7065 -9.60515 0.1)
(35.7983 -2.92569 0.1)
(-1.19377 -9.80851 0.1)
(-8.62079 -9.64913 0.1)
(-4.7356 3.0664 0.1)
(-11.7748 -9.6197 0.1)
(-0.857518 -7.2051 0.1)
(15.2166 -9.59654 0.1)
(3.53489 2.90998 0.1)
(2.69392 6.02881 0.1)
(4.0883 -4.9378 0.1)
(24.148 -9.60548 0.1)
(1.21711 6.44177 0.1)
(6.58489 -1.29544 0.1)
(33.212 -9.28803 0.1)
(-3.23222 -5.33454 0.1)
(13.7247 -9.58159 0.1)
(-13.3327 -3.00434 0.1)
(6.21735 1.25171 0.1)
(-1.61117 4.92922 0.1)
(-13.2612 -0.0610965 0.1)
(-13.1988 1.42624 0.1)
(-13.1304 2.92366 0.1)
(-13.0855 4.44232 0.1)
(-13.0788 5.97902 0.1)
(-13.2307 7.45314 0.1)
(-13.4871 8.75508 0.1)
(21.1678 -9.6131 0.1)
(-5.69837 -9.70636 0.1)
(-5.90248 -4.66159 0.1)
(34.3942 4.15222 0.1)
(35.7515 3.23273 0.1)
(34.6879 9.38157 0.1)
(-6.01342 2.40755 0.1)
(33.217 6.80142 0.1)
(-0.653742 5.29578 0.1)
(-6.92671 -2.00416 0.1)
(11.4896 -8.21929 0.1)
(-9.9819 9.85202 0.1)
(-13.3075 -1.53458 0.1)
(35.7959 -4.42675 0.1)
(-8.49456 9.83182 0.1)
(-7.00209 9.75129 0.1)
(-5.50406 9.70328 0.1)
(-4.00483 9.76905 0.1)
(-2.56791 9.94223 0.1)
(-1.11956 9.97281 0.1)
(0.35438 9.65806 0.1)
(1.98408 9.2565 0.1)
(3.68743 9.60606 0.1)
(5.13505 9.76721 0.1)
(6.58827 9.88673 0.1)
(8.0024 9.83094 0.1)
(9.44218 9.80114 0.1)
(10.9105 9.80644 0.1)
(12.3962 9.8224 0.1)
(13.8884 9.83581 0.1)
(15.3825 9.84547 0.1)
(16.875 9.85128 0.1)
(18.3649 9.85471 0.1)
(19.8528 9.85647 0.1)
(21.3394 9.85557 0.1)
(22.8245 9.85026 0.1)
(24.3053 9.84054 0.1)
(25.777 9.82981 0.1)
(27.2357 9.81936 0.1)
(28.6915 9.77181 0.1)
(30.1352 9.66881 0.1)
(31.5501 9.57246 0.1)
(32.9889 9.56001 0.1)
(-13.4105 -7.41489 0.1)
(8.43024 -8.13319 0.1)
(-5.31446 1.01903 0.1)
(9.9743 -8.17922 0.1)
(0.716086 -7.6688 0.1)
(6.83289 -8.08041 0.1)
(-3.13552 4.2343 0.1)
(3.4194 -7.33394 0.1)
(6.45134 -3.92162 0.1)
(4.2691 5.42453 0.1)
(-0.345408 6.56135 0.1)
(-13.4178 -5.91541 0.1)
(29.4127 -8.22139 0.1)
(34.3973 2.53303 0.1)
(-4.33796 4.30798 0.1)
(-12.8695 9.8823 0.1)
(27.9055 -8.25142 0.1)
(6.19773 2.93179 0.1)
(-6.49125 -8.48866 0.1)
(32.1724 -8.32892 0.1)
(33.0114 5.14501 0.1)
(-7.22821 -3.58194 0.1)
(34.4387 -5.20503 0.1)
(20.4237 -8.31712 0.1)
(-5.71508 4.07649 0.1)
(2.22056 -8.41168 0.1)
(33.119 0.215464 0.1)
(33.5818 8.25789 0.1)
(26.3935 -8.28311 0.1)
(4.56072 -6.36002 0.1)
(5.55041 -5.17914 0.1)
(-4.60776 -5.69068 0.1)
(3.78788 6.9366 0.1)
(-13.3041 -8.96078 0.1)
(17.4571 -8.31053 0.1)
(12.9892 -8.25512 0.1)
(4.58186 3.63517 0.1)
(-11.4314 9.84193 0.1)
(-9.29961 -8.33388 0.1)
(18.9413 -8.31532 0.1)
(24.8885 -8.30318 0.1)
(-3.46827 -8.2287 0.1)
(-2.51711 5.00775 0.1)
(5.07648 -8.00095 0.1)
(-3.4213 -6.64537 0.1)
(33.2698 -7.56763 0.1)
(34.4638 -2.15852 0.1)
(-7.8855 -8.35701 0.1)
(-10.729 -8.37658 0.1)
(-2.32718 -7.37349 0.1)
(15.97 -8.30044 0.1)
(-13.3648 -4.45569 0.1)
(7.20745 0.197567 0.1)
(2.19799 7.48039 0.1)
(30.8682 -8.23635 0.1)
(7.28609 -2.57983 0.1)
(33.0621 1.80234 0.1)
(22.6558 -9.61109 0.1)
(33.0661 -6.0331 0.1)
(7.57542 1.95307 0.1)
(-6.55632 0.936205 0.1)
(-10.753 8.51168 0.1)
(-11.9941 -0.862893 0.1)
(32.2315 8.10082 0.1)
(33.0107 3.44144 0.1)
(-11.7996 2.09849 0.1)
(-11.7031 3.62405 0.1)
(-11.6477 5.19305 0.1)
(-11.5916 6.95157 0.1)
(-12.1852 8.53934 0.1)
(0.906842 -8.88572 0.1)
(-12.0377 -3.7753 0.1)
(1.68254 -9.88135 0.1)
(21.9068 -8.31655 0.1)
(34.4356 -3.69032 0.1)
(-4.98358 5.54976 0.1)
(0.228706 -9.92435 0.1)
(-5.98243 -6.14429 0.1)
(7.05148 -5.31768 0.1)
(5.34809 6.37747 0.1)
(-11.9068 0.609298 0.1)
(-7.211 3.72571 0.1)
(-5.02665 -8.4557 0.1)
(-6.78455 -0.499593 0.1)
(5.82498 4.66023 0.1)
(-7.80022 8.50574 0.1)
(-6.32112 8.30806 0.1)
(-4.71079 8.32129 0.1)
(-3.12966 8.50109 0.1)
(-1.85137 8.9126 0.1)
(-0.666436 8.75462 0.1)
(3.28173 8.28999 0.1)
(6.00663 8.72828 0.1)
(7.29808 8.54608 0.1)
(8.70895 8.45629 0.1)
(10.171 8.46737 0.1)
(11.6592 8.50439 0.1)
(13.152 8.52825 0.1)
(14.6503 8.54719 0.1)
(16.147 8.55793 0.1)
(17.6392 8.56366 0.1)
(19.1271 8.56768 0.1)
(20.6121 8.56993 0.1)
(22.0959 8.56707 0.1)
(23.5786 8.55486 0.1)
(25.0551 8.53508 0.1)
(26.5138 8.52073 0.1)
(27.9373 8.53246 0.1)
(29.376 8.41127 0.1)
(31.8277 -6.99604 0.1)
(6.11901 -6.63544 0.1)
(-1.81466 -8.51983 0.1)
(7.70239 -6.73928 0.1)
(3.69079 -8.62071 0.1)
(10.7686 -6.85195 0.1)
(0.514208 7.91763 0.1)
(31.5336 6.3638 0.1)
(-4.68316 -7.08205 0.1)
(14.4806 -8.28308 0.1)
(9.25113 -6.8022 0.1)
(3.0912 -9.78454 0.1)
(-9.2945 8.62685 0.1)
(-12.0324 -2.32247 0.1)
(-12.2352 -6.59701 0.1)
(-1.99186 6.12588 0.1)
(-12.1033 -5.19124 0.1)
(-8.09256 -0.853745 0.1)
(-1.6013 7.57358 0.1)
(-3.54449 5.47996 0.1)
(-7.57356 2.14436 0.1)
(-6.6073 5.35822 0.1)
(33.1016 -2.92089 0.1)
(33.0122 -4.49138 0.1)
(-8.33781 -2.33723 0.1)
(33.1447 -1.35603 0.1)
(-7.61081 -5.37766 0.1)
(-12.1412 -8.07554 0.1)
(12.2682 -6.90606 0.1)
(4.77526 8.13428 0.1)
(27.1421 -6.96597 0.1)
(-8.54105 -6.93241 0.1)
(-5.86497 -7.43748 0.1)
(30.2793 -6.86043 0.1)
(21.1603 -7.02145 0.1)
(7.49124 3.90027 0.1)
(28.6916 -6.91292 0.1)
(19.6855 -7.02031 0.1)
(18.2089 -7.01742 0.1)
(30.7923 8.15568 0.1)
(-0.376815 -8.63226 0.1)
(25.6221 -6.99864 0.1)
(31.5886 4.38263 0.1)
(31.7474 1.03282 0.1)
(-7.11738 -7.08589 0.1)
(-9.95194 -7.04868 0.1)
(16.728 -7.00886 0.1)
(8.0537 -1.1061 0.1)
(7.92876 -3.9726 0.1)
(23.3936 -8.31301 0.1)
(31.8301 -0.529094 0.1)
(-3.69044 6.94764 0.1)
(-10.769 -1.67668 0.1)
(-5.62898 6.88528 0.1)
(-10.6802 -4.56494 0.1)
(-10.1906 4.27613 0.1)
(-10.1939 5.7984 0.1)
(-7.88944 0.626737 0.1)
(6.98532 5.75049 0.1)
(31.6694 2.65707 0.1)
(31.8302 -2.08494 0.1)
(31.6753 -3.66357 0.1)
(-10.5057 1.20964 0.1)
(-11.1887 -7.21044 0.1)
(6.3812 7.3782 0.1)
(-9.97524 7.29392 0.1)
(-10.6498 -0.25525 0.1)
(22.6382 -7.02093 0.1)
(29.8641 6.84027 0.1)
(-7.39845 6.81257 0.1)
(-10.7298 -3.12866 0.1)
(7.92153 7.05628 0.1)
(9.42145 7.0605 0.1)
(10.9354 7.17214 0.1)
(12.4201 7.20171 0.1)
(13.9259 7.24022 0.1)
(15.4313 7.26088 0.1)
(16.9283 7.26908 0.1)
(18.4183 7.27501 0.1)
(19.9017 7.28058 0.1)
(21.3801 7.28435 0.1)
(22.8592 7.27743 0.1)
(24.3413 7.24941 0.1)
(25.8202 7.2096 0.1)
(27.2764 7.19304 0.1)
(28.5816 7.33566 0.1)
(8.57032 -5.39556 0.1)
(-10.3423 2.72158 0.1)
(30.0922 5.18509 0.1)
(-9.26424 0.240577 0.1)
(31.3608 -5.38413 0.1)
(8.73392 0.58834 0.1)
(-10.9044 -5.96875 0.1)
(8.76491 -2.54457 0.1)
(-8.4584 5.0057 0.1)
(-8.80158 3.29305 0.1)
(8.80946 5.23224 0.1)
(30.3525 1.80635 0.1)
(-9.06688 -3.87825 0.1)
(9.57835 -1.00603 0.1)
(-9.41303 -5.57611 0.1)
(13.7572 -6.95383 0.1)
(-9.0568 1.72793 0.1)
(9.16471 2.7585 0.1)
(-8.65486 7.53765 0.1)
(29.4936 -5.55148 0.1)
(15.2424 -6.98921 0.1)
(20.4224 -5.72351 0.1)
(27.8747 -5.64335 0.1)
(18.9584 -5.72249 0.1)
(30.2656 3.45478 0.1)
(26.3373 -5.69031 0.1)
(11.5721 -5.52248 0.1)
(17.4896 -5.7203 0.1)
(21.8867 -5.72697 0.1)
(24.1229 -7.01518 0.1)
(30.4447 0.244325 0.1)
(-9.43715 -1.17293 0.1)
(10.0782 -5.45236 0.1)
(28.381 5.83098 0.1)
(30.5953 -1.23028 0.1)
(30.507 -2.71347 0.1)
(-9.64656 -2.45064 0.1)
(19.6983 -4.4206 0.1)
(10.2695 5.8818 0.1)
(11.6774 5.83645 0.1)
(13.2105 5.92329 0.1)
(14.735 5.96682 0.1)
(16.2405 5.97528 0.1)
(17.7356 5.98235 0.1)
(19.2218 5.99047 0.1)
(20.6953 5.99771 0.1)
(22.1578 6.00823 0.1)
(23.6284 5.99085 0.1)
(25.1132 5.92441 0.1)
(26.6354 5.85664 0.1)
(30.1264 -4.14792 0.1)
(13.055 -5.59745 0.1)
(9.41899 -4.01609 0.1)
(10.4412 0.741044 0.1)
(28.5309 -4.31986 0.1)
(10.2565 -2.59028 0.1)
(-8.92684 6.38664 0.1)
(10.907 -4.09144 0.1)
(10.7405 2.53895 0.1)
(27.0092 -4.37302 0.1)
(16.0132 -5.70399 0.1)
(21.1478 -4.42572 0.1)
(28.8509 4.15255 0.1)
(10.6768 4.28805 0.1)
(23.3565 -5.72758 0.1)
(18.2483 -4.42659 0.1)
(29.0023 2.52325 0.1)
(24.8363 -5.71702 0.1)
(11.117 -1.15433 0.1)
(28.974 0.94914 0.1)
(12.3847 -4.19666 0.1)
(29.5042 -1.85676 0.1)
(12.4894 4.59021 0.1)
(14.0664 4.68868 0.1)
(15.5814 4.68248 0.1)
(17.0832 4.68716 0.1)
(18.58 4.70336 0.1)
(20.0576 4.70686 0.1)
(21.5128 4.71718 0.1)
(22.9323 4.75937 0.1)
(24.3794 4.69321 0.1)
(25.8238 4.53357 0.1)
(29.0601 -3.02365 0.1)
(11.7449 -2.72806 0.1)
(11.8577 1.63794 0.1)
(14.5329 -5.66292 0.1)
(29.1738 -0.568014 0.1)
(27.8292 3.19105 0.1)
(16.7896 -4.42786 0.1)
(27.6135 -3.03588 0.1)
(22.5978 -4.43758 0.1)
(27.3259 4.48329 0.1)
(20.4261 -3.11303 0.1)
(25.5223 -4.4135 0.1)
(18.9887 -3.11167 0.1)
(11.9861 3.20565 0.1)
(12.6291 -1.4361 0.1)
(12.1135 0.0940792 0.1)
(27.5349 1.77924 0.1)
(13.8527 -4.30845 0.1)
(13.4611 3.46255 0.1)
(15.3204 -4.39282 0.1)
(21.8616 -3.13261 0.1)
(26.4772 3.08179 0.1)
(14.948 3.39513 0.1)
(16.455 3.37108 0.1)
(17.9764 3.42594 0.1)
(19.4618 3.42274 0.1)
(20.934 3.41419 0.1)
(22.3805 3.43083 0.1)
(23.6649 3.61285 0.1)
(24.975 3.20292 0.1)
(28.2085 -1.69564 0.1)
(13.2142 -2.90362 0.1)
(13.5975 -0.274908 0.1)
(24.0547 -4.43819 0.1)
(13.2397 1.11068 0.1)
(14.0736 -1.68924 0.1)
(26.1716 -3.08457 0.1)
(19.7128 -1.7898 0.1)
(12.9506 2.33855 0.1)
(27.467 -0.0200254 0.1)
(17.5593 -3.14244 0.1)
(21.1541 -1.80803 0.1)
(16.1142 -3.15015 0.1)
(25.7435 1.49278 0.1)
(14.6624 -3.06494 0.1)
(23.2887 -3.1629 0.1)
(14.6548 0.823757 0.1)
(14.2381 2.19382 0.1)
(15.8163 1.93255 0.1)
(17.4206 2.17348 0.1)
(18.8857 2.15058 0.1)
(20.3547 2.12574 0.1)
(21.8878 2.11133 0.1)
(23.66 2.13636 0.1)
(20.4469 -0.479773 0.1)
(18.9853 -0.45621 0.1)
(26.7737 -1.6549 0.1)
(14.9639 -0.569802 0.1)
(24.7253 -3.15185 0.1)
(15.465 -1.90362 0.1)
(22.5723 -1.8528 0.1)
(18.2746 -1.79042 0.1)
(19.7121 0.840133 0.1)
(16.0063 0.368126 0.1)
(16.8901 -1.90587 0.1)
(17.0211 0.99759 0.1)
(21.1959 0.819077 0.1)
(22.7408 0.782289 0.1)
(21.9061 -0.510762 0.1)
(25.3651 -1.8481 0.1)
(25.7981 -0.326076 0.1)
(17.457 -0.398466 0.1)
(18.2991 0.880259 0.1)
(16.1906 -0.870865 0.1)
)


// ************************************************************************* //
